710
719
720
717
710
695
670
636
599
564
531
501
471
443
419
399
386
380
379
379
382
386
392
397
399
399
402
408
418
432
450
471
495
520
545
570
598
632
667
697
715
720
719
714
704
685
657
620
584
549
518
488
459
431
409
392
382
379
379
380
383
388
395
398
399
400
403
410
423
437
455
478
502
527
552
578
609
644
679
705
717
719
717
711
698
675
643
606
570
538
507
478
450
425
405
391
385
384
384
387
390
397
401
403
403
404
408
418
431
447
467
491
516
541
566
594
627
664
695
715
722
722
718
710
692
664
630
592
0
0
0
0
0
0
0
0
0
0
0
0
0
0
0
0
0
0
0
0
0
0
0
0
0
0
0
0
0
0
0
0
0
0
0
0
0
0
0
0
0
0
0
0
0
0
0
0
0
0
0
0
0
0
0
0
0
0
0
0
0
0
0
0
0
0
0
0
0
0
0
0
0
0
0
0
0
0
0
0
0
0
0
0
0
0
0
0
0
0
0
0
0
0
0
0
0
0
0
0
0
0
0
0
0
0
0
0
0
0
0
0
0
0
0
0
0
0
0
0
0
0
0
0
0
0
0
0
