571
586
589
578
560
541
528
522
516
506
491
475
461
451
444
442
446
459
482
509
532
542
540
532
525
525
532
542
549
554
554
546
535
520
507
498
499
511
532
556
579
589
587
573
554
537
527
521
514
503
487
471
459
450
445
444
452
469
494
520
539
543
537
528
523
525
533
542
549
552
549
539
526
512
500
495
500
516
539
564
582
588
580
564
545
530
522
517
508
495
479
465
454
447
443
445
456
476
503
526
539
539
531
523
520
525
535
543
549
551
546
535
522
508
498
497
506
524
549
571
585
584
573
554
535
524
517
511
0
0
0
0
0
0
0
0
0
0
0
0
0
0
0
0
0
0
0
0
0
0
0
0
0
0
0
0
0
0
0
0
0
0
0
0
0
0
0
0
0
0
0
0
0
0
0
0
0
0
0
0
0
0
0
0
0
0
0
0
0
0
0
0
0
0
0
0
0
0
0
0
0
0
0
0
0
0
0
0
0
0
0
0
0
0
0
0
0
0
0
0
0
0
0
0
0
0
0
0
0
0
0
0
0
0
0
0
0
0
0
0
0
0
0
0
0
0
0
0
0
0
0
0
0
0
0
0
