334
353
392
447
502
545
568
577
579
574
561
548
538
535
532
518
489
452
420
405
416
449
497
550
597
625
634
626
602
575
557
550
539
515
480
439
401
371
348
332
338
367
415
471
522
554
569
573
571
560
546
533
528
526
520
501
469
435
410
406
429
471
521
573
611
629
629
613
585
561
550
545
530
502
464
425
391
364
343
335
351
388
440
494
537
559
569
572
567
556
544
535
532
531
521
494
458
426
408
417
447
494
545
592
623
633
627
604
578
559
552
543
520
487
445
406
376
351
334
337
364
411
468
520
554
571
578
579
0
0
0
0
0
0
0
0
0
0
0
0
0
0
0
0
0
0
0
0
0
0
0
0
0
0
0
0
0
0
0
0
0
0
0
0
0
0
0
0
0
0
0
0
0
0
0
0
0
0
0
0
0
0
0
0
0
0
0
0
0
0
0
0
0
0
0
0
0
0
0
0
0
0
0
0
0
0
0
0
0
0
0
0
0
0
0
0
0
0
0
0
0
0
0
0
0
0
0
0
0
0
0
0
0
0
0
0
0
0
0
0
0
0
0
0
0
0
0
0
0
0
0
0
0
0
0
0
