512
527
543
559
575
591
606
622
637
652
668
683
698
712
727
741
755
769
783
796
809
822
834
846
858
870
881
892
902
912
922
931
940
948
957
964
971
978
984
990
996
1001
1005
1009
1013
1016
1018
1020
1022
1023
1023
1023
1023
1022
1021
1019
1017
1014
1010
1007
1002
998
992
987
981
974
967
959
952
943
934
925
916
906
896
885
874
862
851
839
826
814
801
788
774
760
746
732
718
703
688
673
658
643
627
612
596
581
565
549
533
517
502
486
470
454
438
423
407
392
376
361
346
331
316
302
287
273
259
246
232
219
206
193
181
169
158
146
135
125
115
105
95
86
78
69
62
54
47
41
35
29
24
20
15
12
8
6
4
2
1
0
0
0
0
2
3
5
8
11
15
19
24
29
34
40
47
53
61
68
77
85
94
104
113
124
134
145
156
168
180
192
205
217
231
244
258
271
286
300
314
329
344
359
374
390
405
421
436
452
468
484
500
516
531
547
563
579
595
610
626
641
656
671
686
701
716
730
745
759
772
786
799
812
825
837
849
861
873
884
894
905
915
924
933
942
951
959
966
973
980
986
992
997
1002
1006
1010
1013
1016
1019
1021
1022
1023
1023
1023
1023
0
0
0
0
0
0
0
0
0
0
0
0
0
0
0
0
0
0
0
0
0
0
0
0
0
0
0
0
0
0
0
0
0
0
0
0
0
0
0
0
0
0
0
0
0
0
0
0
0
0
0
0
0
0
0
0
0
0
0
0
0
0
0
0
0
0
0
0
0
0
0
0
0
0
0
0
0
0
0
0
0
0
0
0
0
0
0
0
0
0
0
0
0
0
0
0
0
0
0
0
0
0
0
0
0
0
0
0
0
0
0
0
0
0
0
0
0
0
0
0
0
0
0
0
0
0
0
0
0
0
0
0
0
0
0
0
0
0
0
0
0
0
0
0
0
0
0
0
0
0
0
0
0
0
0
0
0
0
0
0
0
0
0
0
0
0
0
0
0
0
0
0
0
0
0
0
0
0
0
0
0
0
0
0
0
0
0
0
0
0
0
0
0
0
0
0
0
0
0
0
0
0
0
0
0
0
0
0
0
0
0
0
0
0
0
0
0
0
0
0
0
0
0
0
0
0
0
0
0
0
0
0
0
0
0
0
0
0
0
0
0
0
0
0
0
0
0
0
0
0
0
0
0
0
0
0
