583
590
607
608
609
613
615
610
606
612
604
611
615
622
620
619
628
621
610
615
603
600
588
566
555
534
521
509
496
496
478
463
460
449
435
427
418
410
410
408
402
412
408
412
429
429
460
453
460
479
498
510
532
547
557
596
587
598
604
598
612
608
601
604
600
603
608
614
609
618
619
615
616
606
601
598
582
570
554
535
525
511
494
488
475
461
458
458
433
429
416
415
407
397
397
404
400
407
419
423
434
444
450
468
478
496
516
530
545
570
580
595
602
600
606
605
600
604
600
603
610
608
612
624
611
624
621
614
0
0
0
0
0
0
0
0
0
0
0
0
0
0
0
0
0
0
0
0
0
0
0
0
0
0
0
0
0
0
0
0
0
0
0
0
0
0
0
0
0
0
0
0
0
0
0
0
0
0
0
0
0
0
0
0
0
0
0
0
0
0
0
0
0
0
0
0
0
0
0
0
0
0
0
0
0
0
0
0
0
0
0
0
0
0
0
0
0
0
0
0
0
0
0
0
0
0
0
0
0
0
0
0
0
0
0
0
0
0
0
0
0
0
0
0
0
0
0
0
0
0
0
0
0
0
0
0
