326
332
341
353
367
384
404
425
447
471
498
526
558
590
623
655
687
719
749
777
804
828
848
864
877
885
889
889
885
878
869
857
844
829
813
795
777
758
738
716
693
668
641
613
583
553
522
491
459
429
399
372
348
326
307
292
279
269
261
248
222
212
213
196
187
195
199
203
207
211
217
226
240
258
282
311
345
384
427
473
520
567
613
655
692
724
749
767
776
778
773
761
745
725
703
679
658
638
622
609
601
599
599
604
613
623
636
648
659
668
673
676
673
667
655
641
623
601
578
552
527
503
479
458
439
422
407
395
385
377
371
366
361
357
353
349
346
343
340
338
335
332
330
328
327
326
325
324
322
320
318
315
312
309
305
302
299
297
297
292
275
269
284
284
287
315
343
369
397
426
455
486
517
550
584
619
653
688
722
755
786
814
839
861
879
894
903
910
911
909
904
896
886
874
860
844
827
809
790
768
745
721
695
667
637
606
574
542
509
477
446
417
389
364
341
322
305
291
279
269
260
252
245
238
231
224
217
211
207
204
205
209
217
231
249
274
304
339
379
423
469
517
563
609
651
689
722
747
764
774
776
772
761
747
727
707
686
666
648
629
601
574
584
577
563
587
606
625
641
655
665
672
674
671
665
654
639
621
599
577
552
526
502
479
458
438
421
407
394
383
375
368
362
357
352
347
343
340
337
334
331
329
327
325
325
324
324
325
324
324
324
323
321
319
316
313
310
307
305
305
305
307
311
318
326
338
352
368
387
407
431
456
484
513
544
577
610
643
676
708
739
768
795
819
839
855
869
878
883
886
885
881
875
867
857
845
832
817
801
784
749
704
687
662
616
597
578
555
531
505
479
453
428
405
384
365
349
334
322
311
301
292
283
274
265
256
247
239
231
225
222
222
226
234
247
264
287
316
349
386
427
471
517
561
603
642
677
705
727
743
751
751
746
736
722
703
686
665
647
631
617
607
602
600
602
608
616
626
637
649
659
667
671
672
670
664
655
641
625
607
587
567
545
524
504
486
468
453
440
428
418
410
403
397
392
387
382
377
372
369
350
325
323
321
300
302
311
317
321
325
327
328
327
326
323
319
315
310
305
301
297
295
294
296
299
305
314
326
340
357
377
399
423
451
479
510
544
577
610
643
676
708
738
766
791
814
833
849
861
870
876
879
0
0
0
0
0
0
0
0
0
0
0
0
0
0
0
0
0
0
0
0
0
0
0
0
0
0
0
0
0
0
0
0
0
0
0
0
0
0
0
0
0
0
0
0
0
0
0
0
0
0
0
0
0
0
0
0
0
0
0
0
0
0
0
0
0
0
0
0
0
0
0
0
0
0
0
0
0
0
0
0
0
0
0
0
0
0
0
0
0
0
0
0
0
0
0
0
0
0
0
0
0
0
0
0
0
0
0
0
0
0
0
0
0
0
0
0
0
0
0
0
0
0
0
0
0
0
0
0
0
0
0
0
0
0
0
0
0
0
0
0
0
0
0
0
0
0
0
0
0
0
0
0
0
0
0
0
0
0
0
0
0
0
0
0
0
0
0
0
0
0
0
0
0
0
0
0
0
0
0
0
0
0
0
0
0
0
0
0
0
0
0
0
0
0
0
0
0
0
0
0
0
0
0
0
0
0
0
0
0
0
0
0
0
0
0
0
0
0
0
0
0
0
0
0
0
0
0
0
0
0
0
0
0
0
0
0
0
0
0
0
0
0
0
0
0
0
0
0
0
0
0
0
0
0
0
0
0
0
0
0
0
0
0
0
0
0
0
0
0
0
0
0
0
0
0
0
0
0
0
0
0
0
0
0
0
0
0
0
0
0
0
0
0
0
0
0
0
0
0
0
0
0
0
0
0
0
0
0
0
0
0
0
0
0
0
0
0
0
0
0
0
0
0
0
0
0
0
0
0
0
0
0
0
0
0
0
0
0
0
0
0
0
0
0
0
0
0
0
0
0
0
0
0
0
0
0
0
0
0
0
0
0
0
0
0
0
0
0
0
0
0
0
0
0
0
0
0
0
0
0
0
0
0
0
0
0
0
0
0
0
0
0
0
0
0
0
0
0
0
0
0
0
0
0
0
0
0
0
0
0
0
0
0
0
0
0
0
0
0
0
0
0
0
0
0
0
0
0
0
0
0
0
0
0
0
0
0
0
0
0
0
0
0
0
0
0
0
0
0
0
0
0
0
0
0
0
0
0
0
0
0
0
0
0
0
0
0
0
0
0
0
0
0
0
0
0
0
0
0
0
0
0
0
0
0
0
0
0
0
0
0
0
0
0
0
0
0
0
0
0
0
0
0
0
0
0
0
0
0
0
0
0
