358
390
417
461
499
537
553
568
612
637
672
692
693
687
690
698
694
691
701
700
696
701
695
691
699
696
685
683
664
655
641
620
610
592
579
556
510
478
456
426
411
386
346
319
297
285
280
281
274
282
294
306
325
328
353
387
416
454
491
518
546
576
598
633
667
688
695
696
693
698
692
691
696
691
702
699
701
702
702
692
700
682
670
664
643
635
615
599
586
569
528
494
468
435
418
398
356
327
295
281
281
267
250
272
275
296
317
323
345
366
396
435
464
499
536
557
574
614
639
673
692
687
695
697
694
699
686
693
65408
65411
65417
65427
65442
65466
65498
4
60
126
199
287
374
469
562
660
748
826
902
962
1012
1042
1058
1052
1041
1006
951
886
813
726
625
514
392
252
89
65448
65250
65034
64798
64555
64303
64050
63814
63597
63397
63234
63107
63016
62968
62955
62983
63052
63163
63310
63493
63722
63990
64294
64631
64991
65388
267
695
1130
1576
2013
2444
2859
3254
3605
3929
4194
4404
4546
4602
4584
4491
4318
4074
3772
3414
3018
2594
2141
1678
1194
712
205
65233
64717
64187
63662
63137
62622
62135
61672
61256
60885
60571
60313
60125
59995
59947
59964
60059
60223
60466
60791
61187
61657
62199
62800
63462
64175
64912
148
945
1742
2554
3349
4142
4909
5612
6254
6807
7280
7604
7820
