512
527
543
559
575
591
606
622
637
652
668
683
698
712
727
741
755
769
783
796
809
822
834
846
858
870
881
892
902
912
922
931
940
948
957
964
971
978
984
990
996
1001
1005
1009
1013
1016
1018
1020
1022
1023
1023
1023
1023
1022
1021
1019
1017
1014
1010
1007
1002
998
992
987
981
974
967
959
952
943
934
925
916
906
896
885
874
862
851
839
826
814
801
788
774
760
746
732
718
703
688
673
658
643
627
612
596
581
565
549
533
517
502
486
470
454
438
423
407
392
376
361
346
331
316
302
287
273
259
246
232
219
206
193
181
169
158
146
135
125
115
105
95
86
78
69
62
54
47
41
35
29
24
20
15
12
8
6
4
2
1
0
0
0
0
2
3
5
8
11
15
19
24
29
34
40
47
53
61
68
77
85
94
104
113
124
134
145
156
168
180
192
205
217
231
244
258
271
286
300
314
329
344
359
374
390
405
421
436
452
468
484
500
516
531
547
563
579
595
610
626
641
656
671
686
701
716
730
745
759
772
786
799
812
825
837
849
861
873
884
894
905
915
924
933
942
951
959
966
973
980
986
992
997
1002
1006
1010
1013
1016
1019
1021
1022
1023
1023
1023
1023
1022
1020
1018
1016
1013
1009
1006
1001
996
991
985
979
972
965
957
949
941
932
923
913
903
893
882
871
860
848
836
823
810
797
784
771
757
743
728
714
699
684
669
654
639
624
608
592
577
561
545
529
513
498
482
466
450
434
419
403
388
372
357
342
327
312
298
284
270
256
242
229
216
203
190
178
166
155
143
133
122
112
102
93
84
75
67
60
52
46
39
33
28
23
18
14
11
8
5
3
1
0
0
0
0
1
2
4
6
9
12
16
20
25
30
36
42
48
55
63
70
79
87
97
106
116
126
137
148
159
171
183
195
208
221
234
247
261
275
289
304
318
333
348
363
378
394
409
425
440
456
472
488
504
520
535
551
567
583
598
614
630
645
660
675
690
705
720
734
748
762
776
789
803
815
828
840
852
864
875
886
897
907
917
927
936
944
953
960
968
975
981
987
993
998
1003
1007
1011
1014
1017
1019
1021
1022
1023
1023
1023
1023
1022
1020
1018
1015
1012
1009
1004
1000
995
990
984
977
970
963
955
947
939
930
921
911
901
890
879
868
857
845
832
820
807
794
781
767
753
739
725
710
696
681
666
650
635
620
604
588
573
557
541
525
509
493
478
462
446
0
0
0
0
0
0
0
0
0
0
0
0
0
0
0
0
0
0
0
0
0
0
0
0
0
0
0
0
0
0
0
0
0
0
0
0
0
0
0
0
0
0
0
0
0
0
0
0
0
0
0
0
0
0
0
0
0
0
0
0
0
0
0
0
0
0
0
0
0
0
0
0
0
0
0
0
0
0
0
0
0
0
0
0
0
0
0
0
0
0
0
0
0
0
0
0
0
0
0
0
0
0
0
0
0
0
0
0
0
0
0
0
0
0
0
0
0
0
0
0
0
0
0
0
0
0
0
0
0
0
0
0
0
0
0
0
0
0
0
0
0
0
0
0
0
0
0
0
0
0
0
0
0
0
0
0
0
0
0
0
0
0
0
0
0
0
0
0
0
0
0
0
0
0
0
0
0
0
0
0
0
0
0
0
0
0
0
0
0
0
0
0
0
0
0
0
0
0
0
0
0
0
0
0
0
0
0
0
0
0
0
0
0
0
0
0
0
0
0
0
0
0
0
0
0
0
0
0
0
0
0
0
0
0
0
0
0
0
0
0
0
0
0
0
0
0
0
0
0
0
0
0
0
0
0
0
0
0
0
0
0
0
0
0
0
0
0
0
0
0
0
0
0
0
0
0
0
0
0
0
0
0
0
0
0
0
0
0
0
0
0
0
0
0
0
0
0
0
0
0
0
0
0
0
0
0
0
0
0
0
0
0
0
0
0
0
0
0
0
0
0
0
0
0
0
0
0
0
0
0
0
0
0
0
0
0
0
0
0
0
0
0
0
0
0
0
0
0
0
0
0
0
0
0
0
0
0
0
0
0
0
0
0
0
0
0
0
0
0
0
0
0
0
0
0
0
0
0
0
0
0
0
0
0
0
0
0
0
0
0
0
0
0
0
0
0
0
0
0
0
0
0
0
0
0
0
0
0
0
0
0
0
0
0
0
0
0
0
0
0
0
0
0
0
0
0
0
0
0
0
0
0
0
0
0
0
0
0
0
0
0
0
0
0
0
0
0
0
0
0
0
0
0
0
0
0
0
0
0
0
0
0
0
0
0
0
0
0
0
0
0
0
0
0
0
0
0
0
0
0
0
0
0
0
0
0
0
0
0
0
0
0
0
0
0
0
0
0
0
0
0
0
0
0
0
0
0
0
0
0
0
0
