379
434
501
567
607
627
627
612
590
558
516
464
410
370
362
386
432
487
536
578
612
643
671
687
677
631
559
483
424
388
368
354
348
362
402
463
532
589
623
636
632
617
592
557
513
459
408
375
371
398
445
498
546
585
617
647
675
688
672
620
547
473
418
385
366
352
347
363
406
469
539
594
627
638
634
619
597
564
520
466
416
383
371
391
441
488
526
569
607
641
671
684
667
616
542
471
421
390
371
357
355
375
422
486
552
604
635
645
639
625
602
571
525
473
424
396
397
427
474
522
564
597
625
651
675
680
654
595
0
0
0
0
0
0
0
0
0
0
0
0
0
0
0
0
0
0
0
0
0
0
0
0
0
0
0
0
0
0
0
0
0
0
0
0
0
0
0
0
0
0
0
0
0
0
0
0
0
0
0
0
0
0
0
0
0
0
0
0
0
0
0
0
0
0
0
0
0
0
0
0
0
0
0
0
0
0
0
0
0
0
0
0
0
0
0
0
0
0
0
0
0
0
0
0
0
0
0
0
0
0
0
0
0
0
0
0
0
0
0
0
0
0
0
0
0
0
0
0
0
0
0
0
0
0
0
0
