432
440
424
405
383
361
358
386
437
508
597
701
816
942
1018
1018
1017
1018
1017
1017
1018
1018
985
889
813
782
795
834
872
885
885
897
928
951
943
905
847
773
688
599
502
397
306
246
205
182
183
197
207
211
207
174
104
23
5
5
5
5
5
5
5
5
5
5
93
208
326
417
465
480
473
452
423
396
388
405
446
511
589
679
789
914
1020
1018
1018
1018
1018
1018
1018
1018
989
883
795
751
757
790
818
824
829
849
882
907
906
882
832
765
692
610
508
406
320
252
203
181
182
184
188
208
214
173
116
54
5
5
5
5
5
5
5
5
5
5
97
218
337
429
485
512
511
487
455
427
409
415
451
502
564
650
759
877
987
1018
1018
1018
1018
1018
1018
1018
988
877
780
729
731
752
768
772
780
803
835
861
870
849
808
758
694
611
515
419
331
259
211
188
181
189
212
239
248
225
175
114
53
5
5
5
5
5
5
5
5
5
102
221
337
431
501
537
539
523
496
461
436
439
464
498
549
623
713
823
935
1020
1018
1018
1018
1019
1018
1018
1019
898
793
738
732
742
746
751
760
779
814
849
858
843
817
777
716
636
546
451
356
280
231
196
181
191
217
248
264
249
209
159
101
40
5
5
5
5
5
5
5
22
114
226
339
442
518
558
570
559
528
488
462
459
469
490
533
605
696
800
908
1006
1018
1018
1018
1018
1018
1018
1008
884
781
730
715
713
715
717
723
747
785
817
825
820
806
771
716
649
566
469
377
299
231
185
167
167
195
234
254
249
221
177
123
64
7
5
5
5
5
5
5
5
84
189
305
411
491
543
568
562
531
493
467
456
455
469
504
566
649
748
854
957
1019
1018
1017
1018
1018
1018
1007
887
788
728
702
696
693
690
698
726
764
792
808
815
806
777
735
674
592
499
409
336
274
221
195
202
230
261
279
279
256
215
166
106
40
5
5
5
5
5
5
5
66
168
279
381
466
531
561
556
527
493
463
441
422
422
455
504
578
683
795
906
998
1018
1018
1018
1018
1018
1019
928
830
764
733
720
706
699
711
741
772
803
827
837
835
818
784
728
649
556
471
393
321
259
227
229
249
275
297
301
280
249
206
142
71
19
5
5
5
5
5
5
33
127
230
331
427
501
538
540
519
488
458
434
418
416
434
481
550
638
746
857
944
1013
1018
1018
1018
1018
1019
949
849
783
750
722
700
695
708
732
767
804
832
849
0
0
0
0
0
0
0
0
0
0
0
0
0
0
0
0
0
0
0
0
0
0
0
0
0
0
0
0
0
0
0
0
0
0
0
0
0
0
0
0
0
0
0
0
0
0
0
0
0
0
0
0
0
0
0
0
0
0
0
0
0
0
0
0
0
0
0
0
0
0
0
0
0
0
0
0
0
0
0
0
0
0
0
0
0
0
0
0
0
0
0
0
0
0
0
0
0
0
0
0
0
0
0
0
0
0
0
0
0
0
0
0
0
0
0
0
0
0
0
0
0
0
0
0
0
0
0
0
0
0
0
0
0
0
0
0
0
0
0
0
0
0
0
0
0
0
0
0
0
0
0
0
0
0
0
0
0
0
0
0
0
0
0
0
0
0
0
0
0
0
0
0
0
0
0
0
0
0
0
0
0
0
0
0
0
0
0
0
0
0
0
0
0
0
0
0
0
0
0
0
0
0
0
0
0
0
0
0
0
0
0
0
0
0
0
0
0
0
0
0
0
0
0
0
0
0
0
0
0
0
0
0
0
0
0
0
0
0
0
0
0
0
0
0
0
0
0
0
0
0
0
0
0
0
0
0
0
0
0
0
0
0
0
0
0
0
0
0
0
0
0
0
0
0
0
0
0
0
0
0
0
0
0
0
0
0
0
0
0
0
0
0
0
0
0
0
0
0
0
0
0
0
0
0
0
0
0
0
0
0
0
0
0
0
0
0
0
0
0
0
0
0
0
0
0
0
0
0
0
0
0
0
0
0
0
0
0
0
0
0
0
0
0
0
0
0
0
0
0
0
0
0
0
0
0
0
0
0
0
0
0
0
0
0
0
0
0
0
0
0
0
0
0
0
0
0
0
0
0
0
0
0
0
0
0
0
0
0
0
0
0
0
0
0
0
0
0
0
0
0
0
0
0
0
0
0
0
0
0
0
0
0
0
0
0
0
0
0
0
0
0
0
0
0
0
0
0
0
0
0
0
0
0
0
0
0
0
0
0
0
0
0
0
0
0
0
0
0
0
0
0
0
0
0
0
0
0
0
0
0
0
0
0
0
0
0
0
0
0
0
0
0
0
0
0
0
0
0
0
0
0
0
0
0
0
0
0
0
0
0
0
0
0
0
0
0
0
0
0
0
0
0
0
0
0
0
0
0
0
0
0
0
