512
579
644
708
768
824
875
919
956
985
1007
1019
1023
1019
1005
983
953
915
871
820
763
703
639
573
506
439
373
310
250
194
145
101
64
36
15
3
0
5
19
42
73
111
156
208
264
325
389
456
523
590
655
718
778
833
882
925
961
989
1009
1021
1023
1017
1002
979
947
908
863
811
754
692
628
562
495
428
362
300
240
186
137
94
59
32
12
2
0
7
23
47
79
118
165
217
274
336
400
467
534
601
666
729
787
842
890
932
967
993
1012
1022
1023
1015
999
974
941
901
854
802
744
682
617
551
484
417
352
289
231
177
129
88
54
28
10
1
0
9
26
51
85
125
173
226
284
346
411
478
545
612
677
739
797
850
897
938
972
997
1014
1023
1022
1013
995
969
935
894
846
792
734
671
606
540
472
406
341
279
222
169
122
82
49
24
8
0
1
11
30
56
91
133
181
235
294
357
422
489
556
623
687
749
806
858
905
944
976
1000
1016
1023
1021
1011
991
964
929
886
837
783
724
661
595
528
461
395
331
270
212
161
115
76
44
21
6
0
2
14
33
62
98
141
190
245
304
368
433
500
567
633
698
758
815
866
912
950
981
1004
1018
1023
1020
1008
987
959
512
512
512
512
512
512
512
512
512
512
512
512
512
512
512
512
512
512
512
512
512
512
512
512
512
512
512
512
512
512
512
512
512
512
512
512
512
512
512
512
512
512
512
512
512
512
512
512
512
512
512
512
512
512
512
512
512
512
512
512
512
512
512
512
512
512
512
512
512
512
512
512
512
512
512
512
512
512
512
512
512
512
512
512
512
512
512
512
512
512
512
512
512
512
512
512
512
512
512
512
512
512
512
512
512
512
512
512
512
512
512
512
512
512
512
512
512
512
512
512
512
512
512
512
512
512
512
512
512
512
512
512
512
512
512
512
512
512
512
512
512
512
512
512
512
512
512
512
512
512
512
512
512
512
512
512
512
512
512
512
512
512
512
512
512
512
512
512
512
512
512
512
512
512
512
512
512
512
512
512
512
512
512
512
512
512
512
512
512
512
512
512
512
512
512
512
512
512
512
512
512
512
512
512
512
512
512
512
512
512
512
512
512
512
512
512
512
512
512
512
512
512
512
512
512
512
512
512
512
512
512
512
512
512
512
512
512
512
512
512
512
512
512
512
512
512
512
512
512
512
512
512
512
512
512
512
