363
360
359
360
361
363
365
369
371
375
380
384
389
395
401
407
414
421
428
435
444
452
460
468
477
485
493
501
509
516
523
530
537
544
551
558
566
573
581
589
596
604
611
618
625
629
619
601
618
615
596
607
617
621
623
622
619
615
608
600
591
582
571
559
548
535
523
511
499
486
475
464
454
444
435
428
421
415
410
406
403
400
397
395
392
390
387
384
381
378
375
370
367
364
362
360
359
360
363
367
374
383
393
406
421
438
456
476
498
519
541
563
584
605
624
642
658
671
683
693
700
706
710
712
712
711
709
705
701
696
690
684
677
669
661
653
644
634
625
614
603
591
579
567
553
540
512
478
467
452
421
413
410
405
399
393
387
382
377
373
370
367
366
366
366
367
368
370
373
376
379
383
387
392
397
403
409
415
422
429
437
444
452
460
468
476
485
492
500
507
515
521
528
535
542
549
556
563
570
577
585
592
600
607
614
621
627
632
637
641
643
645
645
645
643
640
635
630
624
617
609
599
590
579
568
557
544
532
519
507
494
483
471
461
451
443
435
428
423
418
414
410
408
405
403
401
390
366
362
361
343
342
347
352
354
355
356
357
359
362
365
371
378
387
398
410
425
442
460
479
499
520
541
562
582
602
620
637
653
666
678
687
695
700
704
706
707
707
704
702
698
694
688
683
677
670
662
654
646
637
628
618
607
596
585
573
560
547
534
520
506
493
479
467
455
443
433
423
414
406
400
395
390
386
384
383
382
382
383
383
385
388
390
393
397
400
405
410
415
421
426
433
439
447
454
461
463
449
450
459
455
460
476
491
503
514
524
534
543
552
561
569
578
586
595
603
611
618
625
631
637
641
644
647
647
648
647
645
641
637
632
626
618
610
601
591
580
568
556
544
532
519
507
496
485
474
464
455
447
440
434
429
424
420
416
413
409
406
402
399
395
391
386
381
376
371
367
362
359
357
356
357
359
363
369
377
388
400
414
431
448
467
487
507
528
549
569
588
607
623
639
652
664
674
683
689
687
674
666
672
661
650
659
663
666
665
664
661
657
652
645
639
631
622
612
602
591
579
567
554
541
527
513
499
486
473
462
450
439
430
421
412
406
400
394
390
387
384
383
382
381
381
382
383
385
388
391
395
399
405
410
416
422
429
436
443
450
457
464
472
479
486
0
0
0
0
0
0
0
0
0
0
0
0
0
0
0
0
0
0
0
0
0
0
0
0
0
0
0
0
0
0
0
0
0
0
0
0
0
0
0
0
0
0
0
0
0
0
0
0
0
0
0
0
0
0
0
0
0
0
0
0
0
0
0
0
0
0
0
0
0
0
0
0
0
0
0
0
0
0
0
0
0
0
0
0
0
0
0
0
0
0
0
0
0
0
0
0
0
0
0
0
0
0
0
0
0
0
0
0
0
0
0
0
0
0
0
0
0
0
0
0
0
0
0
0
0
0
0
0
0
0
0
0
0
0
0
0
0
0
0
0
0
0
0
0
0
0
0
0
0
0
0
0
0
0
0
0
0
0
0
0
0
0
0
0
0
0
0
0
0
0
0
0
0
0
0
0
0
0
0
0
0
0
0
0
0
0
0
0
0
0
0
0
0
0
0
0
0
0
0
0
0
0
0
0
0
0
0
0
0
0
0
0
0
0
0
0
0
0
0
0
0
0
0
0
0
0
0
0
0
0
0
0
0
0
0
0
0
0
0
0
0
0
0
0
0
0
0
0
0
0
0
0
0
0
0
0
0
0
0
0
0
0
0
0
0
0
0
0
0
0
0
0
0
0
0
0
0
0
0
0
0
0
0
0
0
0
0
0
0
0
0
0
0
0
0
0
0
0
0
0
0
0
0
0
0
0
0
0
0
0
0
0
0
0
0
0
0
0
0
0
0
0
0
0
0
0
0
0
0
0
0
0
0
0
0
0
0
0
0
0
0
0
0
0
0
0
0
0
0
0
0
0
0
0
0
0
0
0
0
0
0
0
0
0
0
0
0
0
0
0
0
0
0
0
0
0
0
0
0
0
0
0
0
0
0
0
0
0
0
0
0
0
0
0
0
0
0
0
0
0
0
0
0
0
0
0
0
0
0
0
0
0
0
0
0
0
0
0
0
0
0
0
0
0
0
0
0
0
0
0
0
0
0
0
0
0
0
0
0
0
0
0
0
0
0
0
0
0
0
0
0
0
0
0
0
0
0
0
0
0
0
0
0
0
0
0
0
0
0
0
0
0
0
0
0
0
0
0
0
0
0
0
0
0
0
0
0
0
0
0
0
0
0
0
0
0
0
0
0
0
0
0
0
0
0
0
0
0
0
0
0
0
