-0.0325927734375, -0.02691650390625
0.0283203125, -0.02899169921875
0.049072265625, -0.0152587890625
0.0743408203125, -0.014892578125
0.0858154296875, -0.00799560546875
0.11260986328125, -0.01226806640625
0.13531494140625, -0.00982666015625
0.15972900390625, -0.0064697265625
0.1727294921875, -0.002197265625
0.194091796875, -0.00787353515625
0.21673583984375, -0.00738525390625
0.2420654296875, -0.00616455078125
0.25775146484375, -0.00347900390625
0.27838134765625, -0.00592041015625
0.30029296875, -0.00372314453125
0.3218994140625, -0.00384521484375
0.3370361328125, -0.0023193359375
0.357421875, -0.00286865234375
0.37945556640625, -0.0045166015625
0.40093994140625, -0.00128173828125
0.417236328125, -0.00042724609375
0.4381103515625, -0.002685546875
0.458740234375, -0.0008544921875
0.47509765625, -0.00384521484375
0.49273681640625, -0.00128173828125
0.51251220703125, -0.0025634765625
0.53240966796875, -0.00341796875
0.5494384765625, -0.00238037109375
0.56964111328125, -0.0010986328125
0.58648681640625, -0.00225830078125
0.60186767578125, -0.00054931640625
0.61962890625, -0.00140380859375
0.63580322265625, -0.0013427734375
0.65155029296875, -0.0009765625
0.66827392578125, -0.0015869140625
0.6839599609375, -0.00152587890625
0.6993408203125, -0.0008544921875
0.7135009765625, -0.00091552734375
0.730224609375, -0.00115966796875
0.7451171875, -0.00189208984375
0.756591796875, -0.00079345703125
0.7716064453125, -0.0020751953125
0.7861328125, -0.00048828125
0.79803466796875, -0.001953125
0.812744140625, -0.00238037109375
0.8223876953125, -0.00262451171875
0.8375244140625, -0.00152587890625
0.8472900390625, -0.000244140625
0.85821533203125, -0.001708984375
0.8687744140625, -0.0015869140625
0.87982177734375, -0.0030517578125
0.890869140625, -0.000732421875
0.8978271484375, -0.0023193359375
0.91070556640625, -0.001220703125
0.91961669921875, -0.00079345703125
0.92718505859375, -0.00048828125
0.93389892578125, -0.00189208984375
0.940185546875, -0.00103759765625
0.947509765625, -0.00054931640625
0.95635986328125, -0.0013427734375
0.96136474609375, -0.00048828125
0.96807861328125, -0.0009765625
0.9730224609375, -0.000244140625
0.97894287109375, -0.00067138671875
0.98138427734375, -0.001220703125
0.986572265625, -0.00091552734375
0.9886474609375, -0.00048828125
0.99249267578125, 0.00067138671875
0.992431640625, 0.00018310546875
0.9984130859375, -0.00048828125
0.9974365234375, 0.0018310546875
0.99951171875, -0.0010986328125
1.0006103515625, -0.00054931640625
1.0010986328125, -0.00067138671875
1.00030517578125, -0.001953125
1.00244140625, -0.0008544921875
0.99896240234375, -0.00115966796875
0.99798583984375, 0.00128173828125
0.995361328125, -0.00128173828125
0.9952392578125, -0.0010986328125
0.9876708984375, -0.0009765625
0.9866943359375, -0.00103759765625
0.9827880859375, -0.00030517578125
0.978515625, -0.00177001953125
0.97235107421875, 0.0001220703125
0.970458984375, -0.00030517578125
0.9638671875, 0.001708984375
0.95538330078125, -0.0015869140625
0.9525146484375, 0.00018310546875
0.94293212890625, -0.0008544921875
0.93585205078125, -0.000732421875
0.92742919921875, -0.00030517578125
0.91998291015625, -0.000244140625
0.91162109375, -0.00140380859375
0.901123046875, -0.00067138671875
0.89324951171875, 0.
0.88116455078125, 0.0009765625
0.872802734375, -0.00079345703125
0.86065673828125, 0.0001220703125
0.8519287109375, -0.000244140625
0.83880615234375, -0.00006103515625
0.8287353515625, -0.00103759765625
0.8150634765625, -0.0009765625
0.80328369140625, 0.0003662109375
0.79052734375, 0.0006103515625
0.77691650390625, -0.00067138671875
0.76263427734375, 0.00048828125
0.74920654296875, -0.00079345703125
0.73406982421875, -0.000244140625
0.7196044921875, -0.000244140625
0.702880859375, -0.00103759765625
0.69036865234375, -0.0010986328125
0.6727294921875, 0.00030517578125
0.656494140625, -0.0008544921875
0.64013671875, -0.00048828125
0.62396240234375, 0.00018310546875
0.6058349609375, -0.000732421875
0.587890625, -0.0003662109375
0.571044921875, 0.
0.55322265625, -0.00128173828125
0.53497314453125, -0.0008544921875
0.51654052734375, -0.001953125
0.4993896484375, -0.001220703125
0.4810791015625, -0.00201416015625
0.4622802734375, -0.0001220703125
0.4437255859375, -0.00042724609375
0.42193603515625, 0.00054931640625
0.4039306640625, -0.00048828125
0.3834228515625, 0.00140380859375
0.364013671875, 0.
0.34259033203125, -0.0003662109375
0.32440185546875, 0.00048828125
0.30242919921875, 0.000732421875
0.28265380859375, 0.0009765625
0.2608642578125, 0.00006103515625
0.23992919921875, 0.00048828125
0.21856689453125, -0.0010986328125
0.198486328125, -0.0003662109375
0.17706298828125, 0.0009765625
0.156982421875, 0.
0.13507080078125, 0.00115966796875
0.11474609375, 0.00042724609375
0.09185791015625, 0.000732421875
0.0709228515625, -0.00048828125
0.05023193359375, 0.00048828125
0.02679443359375, -0.0003662109375
0.0081787109375, -0.0010986328125
-0.0155029296875, -0.00018310546875
-0.03717041015625, -0.00103759765625
-0.05694580078125, -0.000732421875
-0.07696533203125, 0.00140380859375
-0.10040283203125, -0.0009765625
-0.122314453125, 0.0003662109375
-0.1431884765625, -0.000732421875
-0.1639404296875, 0.00091552734375
-0.1854248046875, 0.0009765625
-0.2064208984375, -0.00146484375
-0.2257080078125, 0.0003662109375
-0.24798583984375, -0.00103759765625
-0.2698974609375, -0.000244140625
-0.29034423828125, -0.00152587890625
-0.31182861328125, -0.00042724609375
-0.33123779296875, -0.00177001953125
-0.35125732421875, 0.0001220703125
-0.37103271484375, -0.00054931640625
-0.3909912109375, -0.0001220703125
-0.40924072265625, -0.00079345703125
-0.42938232421875, -0.00006103515625
-0.449462890625, 0.00054931640625
-0.4683837890625, -0.00067138671875
-0.48797607421875, -0.00030517578125
-0.504638671875, -0.0009765625
-0.52593994140625, 0.0028076171875
-0.5419921875, -0.00067138671875
-0.55963134765625, 0.00079345703125
-0.578369140625, -0.00030517578125
-0.59613037109375, 0.001220703125
-0.6131591796875, 0.00067138671875
-0.62713623046875, -0.00018310546875
-0.64727783203125, 0.0001220703125
-0.6629638671875, -0.001953125
-0.67791748046875, 0.00042724609375
-0.6923828125, -0.00048828125
-0.70916748046875, -0.0006103515625
-0.7236328125, -0.00091552734375
-0.737548828125, -0.00030517578125
-0.75384521484375, 0.00006103515625
-0.76611328125, 0.000732421875
-0.78033447265625, -0.0009765625
-0.79315185546875, 0.0001220703125
-0.80657958984375, -0.00042724609375
-0.81890869140625, 0.000244140625
-0.8297119140625, -0.0008544921875
-0.84234619140625, -0.00103759765625
-0.8548583984375, 0.
-0.86456298828125, -0.0010986328125
-0.87432861328125, -0.00054931640625
-0.88861083984375, -0.00018310546875
-0.89666748046875, -0.00152587890625
-0.90423583984375, 0.
-0.91522216796875, 0.00128173828125
-0.92242431640625, -0.00042724609375
-0.9296875, -0.0010986328125
-0.93707275390625, 0.0013427734375
-0.94482421875, 0.00115966796875
-0.951416015625, -0.00091552734375
-0.95758056640625, 0.000732421875
-0.96392822265625, -0.00079345703125
-0.9697265625, 0.00042724609375
-0.973876953125, 0.0003662109375
-0.97808837890625, -0.00048828125
-0.98321533203125, -0.0006103515625
-0.98638916015625, 0.00067138671875
-0.99029541015625, -0.0003662109375
-0.9921875, -0.00140380859375
-0.99456787109375, 0.0001220703125
-0.99676513671875, 0.00006103515625
-0.99853515625, -0.00006103515625
-0.999267578125, -0.00042724609375
-0.99884033203125, -0.0009765625
-0.99835205078125, -0.000244140625
-1.0001220703125, 0.00006103515625
-0.99847412109375, -0.0009765625
-0.99737548828125, 0.00006103515625
-0.99444580078125, 0.0001220703125
-0.9920654296875, 0.000244140625
-0.9898681640625, 0.0003662109375
-0.986083984375, -0.0001220703125
-0.9818115234375, 0.00030517578125
-0.9774169921875, -0.00128173828125
-0.974365234375, -0.0006103515625
-0.9681396484375, -0.00018310546875
-0.9627685546875, -0.00079345703125
-0.95782470703125, 0.0010986328125
-0.949951171875, -0.00006103515625
-0.94451904296875, 0.00030517578125
-0.93621826171875, 0.00103759765625
-0.9287109375, -0.00152587890625
-0.921875, 0.0003662109375
-0.91302490234375, 0.00042724609375
-0.903076171875, -0.00006103515625
-0.8934326171875, -0.00030517578125
-0.88482666015625, 0.0001220703125
-0.87420654296875, -0.00006103515625
-0.86163330078125, -0.00054931640625
-0.85321044921875, -0.00042724609375
-0.8424072265625, -0.00067138671875
-0.8294677734375, -0.0008544921875
-0.81640625, 0.0006103515625
-0.8052978515625, -0.00048828125
-0.791748046875, -0.00030517578125
-0.77777099609375, -0.00103759765625
-0.7633056640625, -0.00030517578125
-0.7506103515625, 0.0008544921875
-0.73626708984375, -0.00018310546875
-0.72064208984375, -0.0006103515625
-0.70703125, 0.00018310546875
-0.69140625, -0.0001220703125
-0.6749267578125, 0.000244140625
-0.659912109375, 0.00048828125
-0.64459228515625, 0.00030517578125
-0.6258544921875, -0.00079345703125
-0.61016845703125, 0.00042724609375
-0.59222412109375, -0.00006103515625
-0.57684326171875, -0.00030517578125
-0.556884765625, -0.00042724609375
-0.53961181640625, 0.00042724609375
-0.52215576171875, 0.
-0.50262451171875, 0.000732421875
-0.484375, 0.0001220703125
-0.46514892578125, 0.0013427734375
-0.4471435546875, 0.00006103515625
-0.42706298828125, -0.00091552734375
-0.40869140625, 0.00054931640625
-0.3876953125, -0.00164794921875
-0.36859130859375, 0.0003662109375
-0.35015869140625, 0.
-0.3291015625, 0.0013427734375
-0.3079833984375, 0.00048828125
-0.2874755859375, -0.00042724609375
-0.267578125, -0.0003662109375
-0.2471923828125, -0.00201416015625
-0.2244873046875, -0.00140380859375
-0.20361328125, -0.0008544921875
-0.18316650390625, -0.002197265625
-0.162109375, 0.00048828125
-0.1417236328125, 0.0006103515625
-0.11834716796875, 0.0003662109375
-0.0986328125, -0.00048828125
-0.076904296875, 0.00006103515625
-0.055419921875, 0.0001220703125
-0.03375244140625, 0.000244140625
-0.01239013671875, 0.00006103515625
0.0087890625, 0.00042724609375
0.03021240234375, 0.00006103515625
0.05108642578125, -0.0001220703125
0.07257080078125, 0.00079345703125
0.09442138671875, -0.00048828125
0.11639404296875, 0.00140380859375
0.13763427734375, -0.00091552734375
0.15972900390625, 0.00079345703125
0.1805419921875, -0.0009765625
0.20086669921875, -0.000244140625
0.22259521484375, 0.00067138671875
0.24322509765625, -0.00030517578125
0.2628173828125, 0.001220703125
0.28497314453125, 0.0009765625
0.3056640625, 0.00091552734375
0.32550048828125, 0.00054931640625
0.345458984375, -0.00067138671875
0.3662109375, -0.00006103515625
0.3853759765625, -0.00079345703125
0.40625, 0.00030517578125
0.42498779296875, 0.00103759765625
0.443603515625, 0.0003662109375
0.4627685546875, 0.00054931640625
0.482666015625, -0.001220703125
0.4996337890625, -0.00079345703125
0.5208740234375, -0.00128173828125
0.5374755859375, -0.000732421875
0.55462646484375, 0.00091552734375
0.57269287109375, 0.00091552734375
0.591064453125, 0.001953125
0.60723876953125, 0.001220703125
0.62493896484375, 0.0008544921875
0.63995361328125, -0.0006103515625
0.657958984375, 0.00164794921875
0.67303466796875, -0.0008544921875
0.6890869140625, -0.00115966796875
0.70361328125, 0.0009765625
0.71978759765625, -0.00048828125
0.73358154296875, 0.00067138671875
0.74969482421875, -0.00006103515625
0.76324462890625, -0.00048828125
0.77801513671875, -0.00006103515625
0.79010009765625, -0.0001220703125
0.803466796875, -0.00067138671875
0.81585693359375, 0.
0.82666015625, -0.00030517578125
0.83892822265625, 0.000244140625
0.8494873046875, 0.0015869140625
0.8626708984375, -0.0003662109375
0.8719482421875, 0.00128173828125
0.8831787109375, -0.00048828125
0.89312744140625, 0.00213623046875
0.902587890625, 0.00091552734375
0.91119384765625, 0.0008544921875
0.9195556640625, -0.000732421875
0.92822265625, 0.00146484375
0.93511962890625, -0.00042724609375
0.94232177734375, 0.0006103515625
0.949462890625, -0.0008544921875
0.9559326171875, 0.000244140625
0.96051025390625, -0.000244140625
0.96844482421875, -0.001708984375
0.97308349609375, 0.00091552734375
0.97845458984375, 0.00091552734375
0.98248291015625, 0.00042724609375
0.98577880859375, 0.00079345703125
0.98883056640625, -0.00091552734375
0.99200439453125, 0.00067138671875
0.9940185546875, 0.00006103515625
0.9954833984375, -0.0009765625
0.998291015625, -0.00042724609375
0.99835205078125, 0.0013427734375
1.00054931640625, 0.0003662109375
1.0009765625, -0.00048828125
1.00054931640625, 0.0008544921875
0.99737548828125, 0.00048828125
0.99755859375, 0.00018310546875
0.99591064453125, 0.0001220703125
0.99267578125, -0.00103759765625
0.9901123046875, -0.00030517578125
0.98760986328125, -0.001220703125
0.9840087890625, -0.00091552734375
0.97998046875, -0.00042724609375
0.9752197265625, -0.0009765625
0.97039794921875, 0.0008544921875
0.96490478515625, 0.0003662109375
0.959228515625, 0.00018310546875
0.9537353515625, 0.00091552734375
0.94586181640625, -0.00152587890625
0.939697265625, 0.00213623046875
0.93218994140625, -0.001220703125
0.92510986328125, -0.0003662109375
0.914306640625, 0.0006103515625
0.906982421875, 0.000244140625
0.89605712890625, 0.00054931640625
0.88775634765625, 0.00067138671875
0.8765869140625, 0.
0.866943359375, 0.
0.85614013671875, -0.00006103515625
0.84527587890625, 0.00042724609375
0.83172607421875, 0.000732421875
0.81939697265625, 0.00103759765625
0.806396484375, 0.000244140625
0.79498291015625, 0.00006103515625
0.781005859375, -0.000244140625
0.770263671875, -0.00079345703125
0.75390625, -0.00018310546875
0.740478515625, 0.0013427734375
0.7264404296875, 0.000732421875
0.71087646484375, -0.00030517578125
0.69561767578125, 0.0008544921875
0.68023681640625, -0.00018310546875
0.66302490234375, 0.0009765625
0.64874267578125, -0.00115966796875
0.6318359375, 0.00067138671875
0.6146240234375, -0.00091552734375
0.5977783203125, -0.0001220703125
0.58099365234375, -0.00006103515625
0.561279296875, 0.00164794921875
0.545166015625, -0.00201416015625
0.52813720703125, 0.00201416015625
0.5072021484375, -0.0010986328125
0.49114990234375, 0.00054931640625
0.4716796875, 0.001708984375
0.4515380859375, 0.0008544921875
0.43255615234375, 0.00067138671875
0.41302490234375, 0.0020751953125
0.39398193359375, -0.00128173828125
0.37335205078125, 0.00177001953125
0.35479736328125, 0.0003662109375
0.3338623046875, -0.00054931640625
0.314697265625, -0.00146484375
0.29296875, -0.001220703125
0.2716064453125, 0.0006103515625
0.251708984375, 0.
0.2325439453125, 0.00018310546875
0.21051025390625, 0.00048828125
0.18768310546875, -0.0001220703125
0.16839599609375, 0.
0.1473388671875, 0.00018310546875
0.12493896484375, 0.00048828125
0.10455322265625, -0.000732421875
0.0828857421875, -0.0006103515625
0.06060791015625, -0.00018310546875
0.04052734375, 0.00048828125
0.0179443359375, -0.00152587890625
-0.0020751953125, -0.00079345703125
-0.02362060546875, -0.000732421875
-0.0458984375, -0.00140380859375
-0.065185546875, -0.00177001953125
-0.0889892578125, 0.0008544921875
-0.1102294921875, -0.0013427734375
-0.13067626953125, 0.00140380859375
-0.15228271484375, -0.001220703125
-0.17266845703125, -0.0003662109375
-0.19696044921875, -0.00006103515625
-0.2161865234375, -0.00042724609375
-0.23699951171875, 0.00018310546875
-0.2579345703125, -0.00067138671875
-0.279052734375, 0.0010986328125
-0.29803466796875, 0.0008544921875
-0.31842041015625, 0.00054931640625
-0.33966064453125, 0.000732421875
-0.35980224609375, -0.00079345703125
-0.3800048828125, 0.0006103515625
-0.3994140625, 0.00079345703125
-0.41943359375, -0.00152587890625
-0.43914794921875, 0.00152587890625
-0.457763671875, 0.00048828125
-0.47589111328125, 0.00067138671875
-0.4954833984375, 0.00115966796875
-0.51324462890625, -0.00079345703125
-0.53240966796875, 0.000732421875
-0.55072021484375, 0.00091552734375
-0.56781005859375, 0.00067138671875
-0.5860595703125, -0.0006103515625
-0.60247802734375, 0.00042724609375
-0.62164306640625, 0.00030517578125
-0.63616943359375, -0.00054931640625
-0.65167236328125, 0.
-0.66961669921875, -0.00006103515625
-0.68499755859375, -0.00030517578125
-0.70013427734375, 0.00042724609375
-0.7152099609375, -0.0001220703125
-0.73077392578125, 0.000244140625
-0.74462890625, -0.000732421875
-0.759033203125, -0.0009765625
-0.7720947265625, 0.001220703125
-0.785400390625, -0.0010986328125
-0.79864501953125, -0.0008544921875
-0.8125, 0.0001220703125
-0.82391357421875, 0.00006103515625
-0.83551025390625, 0.00054931640625
-0.84722900390625, -0.00018310546875
-0.85882568359375, 0.0001220703125
-0.870849609375, 0.0008544921875
-0.87933349609375, 0.00091552734375
-0.890625, 0.0001220703125
-0.90069580078125, 0.00030517578125
-0.90936279296875, 0.0008544921875
-0.9169921875, -0.00091552734375
-0.927734375, -0.00079345703125
-0.93408203125, -0.0003662109375
-0.94091796875, 0.00054931640625
-0.94732666015625, 0.00054931640625
-0.9547119140625, 0.00018310546875
-0.96063232421875, -0.00030517578125
-0.9671630859375, 0.00067138671875
-0.9715576171875, -0.00103759765625
-0.9776611328125, 0.0010986328125
-0.9808349609375, -0.0001220703125
-0.98577880859375, 0.00018310546875
-0.9886474609375, 0.00006103515625
-0.99169921875, -0.0003662109375
-0.9945068359375, -0.00006103515625
-0.99615478515625, 0.0006103515625
-0.9969482421875, -0.00103759765625
-0.99871826171875, 0.0003662109375
-0.9979248046875, 0.00054931640625
-1.0003662109375, 0.00115966796875
-0.9996337890625, 0.00103759765625
-0.9981689453125, 0.0006103515625
-0.99853515625, 0.00048828125
-0.9964599609375, -0.00091552734375
-0.99407958984375, -0.00018310546875
-0.99102783203125, -0.00030517578125
-0.98907470703125, 0.0003662109375
-0.984619140625, -0.000732421875
-0.981689453125, 0.00054931640625
-0.97723388671875, -0.00042724609375
-0.9716796875, -0.00042724609375
-0.96636962890625, -0.00006103515625
-0.96002197265625, 0.00030517578125
-0.9544677734375, 0.00030517578125
-0.9473876953125, 0.00164794921875
-0.942138671875, 0.
-0.934814453125, 0.00164794921875
-0.92779541015625, 0.0013427734375
-0.91802978515625, 0.00067138671875
-0.90869140625, -0.00115966796875
-0.8995361328125, -0.0006103515625
-0.8905029296875, 0.0006103515625
-0.8802490234375, -0.00042724609375
-0.86883544921875, 0.00103759765625
-0.85870361328125, -0.0003662109375
-0.84844970703125, 0.001953125
-0.8360595703125, -0.00067138671875
-0.82379150390625, 0.00048828125
-0.81268310546875, 0.00079345703125
-0.79962158203125, -0.00030517578125
-0.787109375, 0.00030517578125
-0.77337646484375, -0.0008544921875
-0.76129150390625, 0.0009765625
-0.74456787109375, -0.0003662109375
-0.7301025390625, 0.00006103515625
-0.7144775390625, 0.000244140625
-0.700439453125, -0.00006103515625
-0.6839599609375, -0.00018310546875
-0.6702880859375, -0.00006103515625
-0.6514892578125, 0.00079345703125
-0.63671875, -0.000732421875
-0.6204833984375, -0.0001220703125
-0.60394287109375, 0.001708984375
-0.584228515625, 0.00152587890625
-0.568359375, 0.00030517578125
-0.5484619140625, -0.00030517578125
-0.5308837890625, -0.0003662109375
-0.51312255859375, 0.0010986328125
-0.4940185546875, -0.001220703125
-0.47698974609375, 0.0008544921875
-0.4581298828125, 0.0001220703125
-0.438232421875, -0.0008544921875
-0.41876220703125, 0.0008544921875
-0.39825439453125, 0.00054931640625
-0.37957763671875, 0.0009765625
-0.35931396484375, 0.00115966796875
-0.340576171875, -0.00018310546875
-0.31982421875, 0.00006103515625
-0.29901123046875, -0.0006103515625
-0.27825927734375, -0.000244140625
-0.25823974609375, -0.000244140625
-0.2357177734375, 0.0010986328125
-0.21563720703125, 0.00067138671875
-0.19537353515625, -0.001220703125
-0.1737060546875, -0.00030517578125
-0.15283203125, 0.0006103515625
-0.13165283203125, 0.00042724609375
-0.110595703125, 0.00103759765625
-0.08837890625, 0.0003662109375
-0.0679931640625, 0.0006103515625
-0.045654296875, -0.000732421875
-0.0247802734375, 0.00091552734375
-0.00439453125, -0.00091552734375
0.01983642578125, 0.0003662109375
0.037353515625, 0.0001220703125
0.05914306640625, 0.00018310546875
0.08111572265625, 0.00079345703125
0.1031494140625, 0.00067138671875
0.1248779296875, 0.0001220703125
0.1453857421875, -0.00048828125
0.1668701171875, -0.00152587890625
0.1893310546875, 0.00128173828125
0.2091064453125, 0.00006103515625
0.23138427734375, -0.0008544921875
0.250732421875, 0.00042724609375
0.271240234375, -0.0001220703125
0.29193115234375, 0.0001220703125
0.3138427734375, -0.00091552734375
0.33282470703125, 0.00048828125
0.35516357421875, -0.00048828125
0.37420654296875, -0.00054931640625
0.39471435546875, 0.0003662109375
0.4140625, 0.00091552734375
0.432861328125, -0.00006103515625
0.45196533203125, 0.000244140625
0.47259521484375, -0.0001220703125
0.49072265625, -0.00042724609375
0.50860595703125, 0.0003662109375
0.52734375, -0.0015869140625
0.54437255859375, 0.00128173828125
0.5626220703125, 0.00091552734375
0.578857421875, 0.000244140625
0.59906005859375, 0.001220703125
0.6141357421875, 0.001220703125
0.63250732421875, 0.00018310546875
0.64849853515625, 0.
0.66485595703125, 0.00042724609375
0.67974853515625, 0.0001220703125
0.6951904296875, -0.000244140625
0.7103271484375, 0.00140380859375
0.72637939453125, 0.0001220703125
0.7412109375, 0.00054931640625
0.7550048828125, 0.00146484375
0.7708740234375, -0.0003662109375
0.78204345703125, -0.00006103515625
0.7950439453125, -0.00048828125
0.8074951171875, 0.001220703125
0.8201904296875, -0.0010986328125
0.832763671875, 0.00042724609375
0.84539794921875, 0.0013427734375
0.85601806640625, 0.
0.8658447265625, -0.00048828125
0.8768310546875, 0.00030517578125
0.887451171875, -0.0003662109375
0.896728515625, 0.00091552734375
0.90557861328125, 0.00115966796875
0.915283203125, 0.0001220703125
0.9224853515625, 0.00286865234375
0.9315185546875, 0.0001220703125
0.93914794921875, 0.000732421875
0.94476318359375, -0.0010986328125
0.95416259765625, 0.0013427734375
0.95892333984375, -0.000732421875
0.96533203125, 0.00128173828125
0.97076416015625, 0.001220703125
0.97454833984375, 0.001953125
0.9791259765625, 0.0001220703125
0.98406982421875, 0.00048828125
0.9859619140625, -0.000732421875
0.99017333984375, 0.00006103515625
0.99365234375, -0.00030517578125
0.99725341796875, 0.0009765625
0.9969482421875, -0.000244140625
0.99725341796875, -0.0001220703125
0.99920654296875, 0.0006103515625
0.9996337890625, 0.0010986328125
1.0001220703125, 0.00042724609375
0.99957275390625, 0.00091552734375
0.99749755859375, 0.0006103515625
0.99884033203125, 0.00079345703125
0.99346923828125, 0.0010986328125
0.99169921875, 0.00048828125
0.988037109375, 0.0006103515625
0.9849853515625, 0.00006103515625
0.9808349609375, -0.0008544921875
0.9779052734375, 0.0001220703125
0.9727783203125, -0.0006103515625
0.96844482421875, 0.00079345703125
0.962890625, 0.0008544921875
0.95672607421875, 0.00042724609375
0.95098876953125, 0.00006103515625
0.94342041015625, 0.00018310546875
0.93536376953125, 0.0001220703125
0.93023681640625, 0.00067138671875
0.919921875, 0.
0.91168212890625, 0.00018310546875
0.90155029296875, 0.00067138671875
0.8931884765625, 0.00079345703125
0.8836669921875, 0.00091552734375
0.87225341796875, 0.00115966796875
0.8616943359375, 0.0006103515625
0.85076904296875, -0.000244140625
0.8388671875, 0.00030517578125
0.82781982421875, 0.00042724609375
0.8157958984375, -0.00079345703125
0.80401611328125, 0.000732421875
0.7901611328125, 0.00079345703125
0.77606201171875, -0.00042724609375
0.76348876953125, 0.
0.7508544921875, 0.0001220703125
0.73272705078125, -0.00115966796875
0.7210693359375, 0.0006103515625
0.70428466796875, 0.0008544921875
0.6893310546875, -0.00018310546875
0.6744384765625, 0.00115966796875
0.65777587890625, -0.00079345703125
0.640869140625, 0.00048828125
0.62591552734375, -0.0013427734375
0.60650634765625, -0.00048828125
0.58966064453125, -0.00018310546875
0.57330322265625, 0.0003662109375
0.55419921875, -0.0006103515625
0.53680419921875, 0.00079345703125
0.5198974609375, 0.000244140625
0.49981689453125, -0.00048828125
0.48199462890625, 0.00152587890625
0.46270751953125, -0.00006103515625
0.44317626953125, 0.00140380859375
0.42401123046875, -0.000244140625
0.40643310546875, 0.00006103515625
0.38507080078125, -0.00006103515625
0.3656005859375, 0.0015869140625
0.34539794921875, 0.00048828125
0.324462890625, 0.00164794921875
0.3038330078125, 0.00067138671875
0.28375244140625, 0.00048828125
0.26287841796875, 0.00079345703125
0.240966796875, 0.00128173828125
0.22216796875, 0.0010986328125
0.19879150390625, -0.000244140625
0.17987060546875, 0.000244140625
0.15789794921875, 0.00189208984375
0.13800048828125, 0.0009765625
0.115478515625, 0.00006103515625
0.09478759765625, 0.0009765625
0.07293701171875, 0.00042724609375
0.0506591796875, 0.00042724609375
0.030029296875, -0.00042724609375
0.00897216796875, -0.0001220703125
-0.01361083984375, 0.0009765625
-0.0350341796875, -0.00018310546875
-0.05426025390625, 0.
-0.07781982421875, 0.00067138671875
-0.09710693359375, 0.000732421875
-0.119384765625, -0.0001220703125
-0.141357421875, 0.000732421875
-0.161865234375, 0.0006103515625
-0.183837890625, 0.00201416015625
-0.2052001953125, 0.00103759765625
-0.225830078125, -0.0001220703125
-0.2474365234375, 0.00054931640625
-0.2669677734375, 0.00128173828125
-0.28753662109375, 0.0003662109375
-0.30810546875, 0.00067138671875
-0.32769775390625, 0.00103759765625
-0.34857177734375, -0.00006103515625
-0.368408203125, 0.00103759765625
-0.386962890625, 0.0010986328125
-0.40777587890625, -0.00042724609375
-0.4266357421875, 0.00042724609375
-0.4459228515625, -0.00091552734375
-0.46710205078125, 0.0008544921875
-0.48529052734375, -0.00079345703125
-0.50372314453125, -0.00152587890625
-0.52239990234375, 0.00018310546875
-0.5401611328125, -0.00091552734375
-0.5579833984375, -0.000732421875
-0.576416015625, -0.0015869140625
-0.59130859375, 0.0008544921875
-0.610595703125, -0.00030517578125
-0.62762451171875, -0.00042724609375
-0.6436767578125, -0.00079345703125
-0.662109375, -0.0001220703125
-0.67620849609375, -0.00018310546875
-0.69183349609375, 0.0006103515625
-0.708740234375, 0.00042724609375
-0.7215576171875, 0.
-0.736572265625, 0.0009765625
-0.7513427734375, 0.0009765625
-0.76458740234375, -0.00091552734375
-0.77880859375, 0.00054931640625
-0.79193115234375, 0.00018310546875
-0.80548095703125, 0.00054931640625
-0.81707763671875, 0.00030517578125
-0.829345703125, -0.00006103515625
-0.84051513671875, 0.00054931640625
-0.85345458984375, 0.000244140625
-0.86346435546875, -0.0003662109375
-0.87451171875, 0.0001220703125
-0.88604736328125, 0.0003662109375
-0.8941650390625, -0.00054931640625
-0.90313720703125, -0.00042724609375
-0.911376953125, 0.00091552734375
-0.9208984375, -0.00030517578125
-0.93023681640625, -0.000732421875
-0.93621826171875, 0.0006103515625
-0.9462890625, 0.
-0.95263671875, 0.
-0.9580078125, 0.00079345703125
-0.9644775390625, 0.0008544921875
-0.9693603515625, 0.00128173828125
-0.974853515625, 0.00091552734375
-0.97900390625, 0.0009765625
-0.98309326171875, 0.0003662109375
-0.9871826171875, -0.000732421875
-0.9893798828125, 0.
-0.99249267578125, 0.00048828125
-0.9945068359375, 0.000732421875
-0.9967041015625, -0.00079345703125
-0.9993896484375, 0.0010986328125
-0.99920654296875, 0.000732421875
-1.00006103515625, 0.00006103515625
-0.9989013671875, -0.00018310546875
-1.00030517578125, -0.00042724609375
-0.99896240234375, 0.0008544921875
-0.99603271484375, -0.00054931640625
-0.99664306640625, 0.0006103515625
-0.99420166015625, -0.00054931640625
-0.99066162109375, 0.00042724609375
-0.98956298828125, -0.00067138671875
-0.984130859375, 0.0001220703125
-0.97918701171875, 0.0013427734375
-0.97503662109375, -0.00054931640625
-0.96966552734375, 0.00018310546875
-0.9647216796875, 0.0001220703125
-0.95904541015625, -0.000244140625
-0.9522705078125, 0.00042724609375
-0.94549560546875, 0.00067138671875
-0.939208984375, -0.00067138671875
-0.9300537109375, -0.00042724609375
-0.9227294921875, 0.00128173828125
-0.9151611328125, -0.00030517578125
-0.90618896484375, -0.00030517578125
-0.895751953125, 0.0001220703125
-0.885498046875, 0.00018310546875
-0.876708984375, 0.00048828125
-0.86376953125, 0.00030517578125
-0.8548583984375, 0.00067138671875
-0.841796875, 0.001220703125
-0.83087158203125, 0.00177001953125
-0.81842041015625, -0.00018310546875
-0.8070068359375, -0.0001220703125
-0.79229736328125, 0.0008544921875
-0.78118896484375, 0.0010986328125
-0.76727294921875, 0.0009765625
-0.753662109375, 0.00030517578125
-0.73870849609375, 0.
-0.7247314453125, -0.00042724609375
-0.7088623046875, 0.0001220703125
-0.69354248046875, -0.0003662109375
-0.67791748046875, -0.00042724609375
-0.66253662109375, 0.00128173828125
-0.64630126953125, 0.0006103515625
-0.62969970703125, 0.00091552734375
-0.61212158203125, 0.0001220703125
-0.5947265625, 0.00067138671875
-0.57879638671875, 0.0013427734375
-0.560791015625, 0.00054931640625
-0.54437255859375, 0.00048828125
-0.52392578125, 0.0010986328125
-0.5072021484375, 0.00146484375
-0.4879150390625, 0.00006103515625
-0.4676513671875, 0.00048828125
-0.44976806640625, -0.00067138671875
-0.4305419921875, 0.00018310546875
-0.41070556640625, -0.0010986328125
-0.39111328125, 0.0001220703125
-0.3720703125, -0.0001220703125
-0.35235595703125, -0.00054931640625
-0.33172607421875, 0.0001220703125
-0.31103515625, -0.0010986328125
-0.2904052734375, 0.0003662109375
-0.26959228515625, 0.
-0.24884033203125, 0.000732421875
-0.22906494140625, -0.00054931640625
-0.20733642578125, 0.00054931640625
-0.18731689453125, 0.00115966796875
-0.16632080078125, 0.00067138671875
-0.14434814453125, 0.00030517578125
-0.12322998046875, -0.00079345703125
-0.1014404296875, 0.00115966796875
-0.0789794921875, -0.00048828125
-0.058349609375, -0.00115966796875
-0.03839111328125, 0.000732421875
-0.01568603515625, -0.0003662109375
0.0064697265625, 0.0008544921875
0.02679443359375, 0.0001220703125
0.04937744140625, 0.0003662109375
0.0694580078125, -0.00006103515625
0.09112548828125, 0.001953125
0.111083984375, -0.00128173828125
0.1346435546875, 0.00006103515625
0.15338134765625, -0.0001220703125
0.176513671875, 0.00030517578125
0.196533203125, -0.00067138671875
0.2198486328125, 0.0009765625
0.23956298828125, -0.0001220703125
0.26019287109375, 0.0013427734375
0.281005859375, -0.00042724609375
0.302490234375, 0.00030517578125
0.32086181640625, 0.00006103515625
0.3428955078125, 0.00030517578125
0.36090087890625, 0.0013427734375
0.38323974609375, -0.000244140625
0.4010009765625, 0.001953125
0.42236328125, 0.0006103515625
0.44024658203125, 0.00177001953125
0.46112060546875, -0.00054931640625
0.4775390625, 0.001708984375
0.4971923828125, -0.0010986328125
0.51519775390625, 0.00006103515625
0.53509521484375, -0.00079345703125
0.55267333984375, 0.00048828125
0.56976318359375, -0.00103759765625
0.5880126953125, 0.00048828125
0.60272216796875, 0.00140380859375
0.620849609375, 0.0001220703125
0.63671875, -0.00018310546875
0.654296875, -0.00030517578125
0.6702880859375, 0.
0.68798828125, 0.000244140625
0.70220947265625, 0.00103759765625
0.71722412109375, 0.0008544921875
0.73138427734375, -0.00018310546875
0.74652099609375, 0.0020751953125
0.75897216796875, 0.00067138671875
0.772705078125, 0.00164794921875
0.7882080078125, 0.00128173828125
0.79931640625, 0.00146484375
0.81304931640625, 0.00103759765625
0.824462890625, 0.00067138671875
0.837646484375, -0.00103759765625
0.84832763671875, 0.00140380859375
0.8594970703125, 0.0001220703125
0.87200927734375, -0.00042724609375
0.8802490234375, 0.0003662109375
0.8919677734375, 0.000732421875
0.89984130859375, 0.00164794921875
0.90911865234375, -0.0003662109375
0.91815185546875, 0.00018310546875
0.92633056640625, 0.00103759765625
0.93377685546875, 0.0009765625
0.9415283203125, 0.00115966796875
0.9481201171875, 0.0003662109375
0.95458984375, 0.001220703125
0.9610595703125, 0.000732421875
0.9637451171875, -0.0013427734375
0.97216796875, -0.00152587890625
0.97674560546875, 0.0001220703125
0.98114013671875, -0.0003662109375
0.98333740234375, 0.0006103515625
0.987060546875, 0.00201416015625
0.99053955078125, -0.00048828125
0.99041748046875, 0.0013427734375
0.9952392578125, 0.000732421875
0.99627685546875, 0.00103759765625
0.9981689453125, 0.00048828125
0.999755859375, -0.00079345703125
0.9981689453125, 0.00103759765625
0.99908447265625, -0.0003662109375
0.9974365234375, 0.00201416015625
0.9969482421875, -0.00042724609375
0.9932861328125, 0.0006103515625
0.99267578125, 0.000244140625
0.98919677734375, 0.00115966796875
0.98541259765625, 0.0001220703125
0.98321533203125, 0.000244140625
0.97882080078125, 0.00225830078125
0.97607421875, 0.00115966796875
0.97015380859375, 0.00006103515625
0.9639892578125, 0.00250244140625
0.958984375, 0.0010986328125
0.95196533203125, 0.0020751953125
0.94549560546875, 0.00054931640625
0.93902587890625, 0.002197265625
0.93084716796875, 0.00018310546875
0.9234619140625, 0.0032958984375
0.9146728515625, 0.00164794921875
0.9053955078125, 0.00067138671875
0.89569091796875, 0.00079345703125
0.8858642578125, 0.001953125
0.87701416015625, -0.00018310546875
0.86572265625, 0.00079345703125
0.85675048828125, 0.00054931640625
0.84564208984375, 0.00146484375
0.83489990234375, 0.00006103515625
0.82110595703125, 0.00164794921875
0.80859375, 0.00146484375
0.79608154296875, -0.00030517578125
0.78302001953125, 0.00201416015625
0.76812744140625, 0.00042724609375
0.75543212890625, 0.002197265625
0.74127197265625, 0.00042724609375
0.72845458984375, 0.00164794921875
0.70953369140625, 0.00164794921875
0.6976318359375, -0.0001220703125
0.68170166015625, 0.0008544921875
0.666748046875, 0.000244140625
0.64794921875, 0.00146484375
0.6348876953125, 0.0003662109375
0.6153564453125, 0.001953125
0.59881591796875, 0.000244140625
0.580322265625, 0.0013427734375
0.56573486328125, -0.00067138671875
0.54449462890625, 0.00213623046875
0.52740478515625, 0.00115966796875
0.51068115234375, 0.00048828125
0.49267578125, 0.0013427734375
0.47308349609375, 0.00323486328125
0.456298828125, 0.000732421875
0.43072509765625, 0.00274658203125
0.41363525390625, 0.0006103515625
0.392578125, 0.00189208984375
0.3740234375, 0.00152587890625
0.353759765625, 0.0023193359375
0.3323974609375, 0.00177001953125
0.31646728515625, 0.00189208984375
0.2939453125, 0.00396728515625
0.27130126953125, 0.00238037109375
0.254150390625, 0.00384521484375
0.227294921875, 0.00616455078125
0.2069091796875, 0.003173828125
0.1861572265625, 0.006103515625
0.16644287109375, 0.00030517578125
0.1494140625, 0.00469970703125
0.12353515625, 0.0068359375
0.099609375, 0.00494384765625
0.07794189453125, 0.003662109375
0.054443359375, 0.01544189453125
0.02764892578125, 0.004150390625
-0.000244140625, 0.00848388671875
