1.
0.97216796875
0.89642333984375
0.7786865234375
0.6136474609375
0.43450927734375
0.213623046875
0.
-0.2412109375
-0.45660400390625
-0.64208984375
-0.79248046875
-0.90185546875
-0.9796142578125
-0.98504638671875
-0.9505615234375
-0.8731689453125
-0.7430419921875
-0.57623291015625
-0.3863525390625
-0.16455078125
0.051513671875
0.2711181640625
0.47406005859375
0.6612548828125
0.812255859375
0.9166259765625
0.97442626953125
0.97735595703125
0.94561767578125
0.85174560546875
0.7205810546875
0.545654296875
0.35394287109375
0.13800048828125
-0.078125
-0.29443359375
-0.4940185546875
-0.66455078125
-0.79815673828125
-0.8994140625
-0.94451904296875
-0.94580078125
-0.8980712890625
-0.80181884765625
-0.671630859375
-0.50164794921875
-0.30908203125
-0.09722900390625
0.1097412109375
0.3201904296875
0.50567626953125
0.6727294921875
0.7989501953125
0.8875732421875
0.9268798828125
0.9208984375
0.8642578125
0.7703857421875
0.6343994140625
0.46435546875
0.27508544921875
0.0731201171875
-0.1339111328125
-0.33514404296875
-0.51397705078125
-0.67022705078125
-0.7864990234375
-0.865966796875
-0.8955078125
-0.88250732421875
-0.82916259765625
-0.72625732421875
-0.587890625
-0.4219970703125
-0.2376708984375
-0.0382080078125
0.16302490234375
0.34930419921875
0.52398681640625
0.66522216796875
0.77056884765625
0.84002685546875
0.86541748046875
0.84844970703125
0.78204345703125
0.68243408203125
0.54730224609375
0.38458251953125
0.199462890625
0.00579833984375
-0.1829833984375
-0.36676025390625
-0.52978515625
-0.66107177734375
-0.7630615234375
-0.8209228515625
-0.84130859375
-0.81439208984375
-0.74951171875
-0.646728515625
-0.5081787109375
-0.34722900390625
-0.17034912109375
0.0174560546875
0.2037353515625
0.38006591796875
0.52813720703125
0.65692138671875
0.74810791015625
0.80078125
0.8145751953125
0.78204345703125
0.7122802734375
0.6043701171875
0.4725341796875
0.31072998046875
0.1396484375
-0.0423583984375
-0.21954345703125
-0.388427734375
-0.531494140625
-0.65264892578125
-0.7322998046875
-0.77435302734375
-0.78387451171875
-0.74700927734375
-0.6748046875
-0.56866455078125
-0.4351806640625
-0.27581787109375
-0.10888671875
0.06317138671875
0.23284912109375
0.3917236328125
0.52899169921875
0.64019775390625
0.71221923828125
0.7509765625
0.74981689453125
0.70733642578125
0.63507080078125
0.528076171875
0.39447021484375
0.2418212890625
0.07977294921875
-0.09228515625
-0.25030517578125
-0.40338134765625
-0.52484130859375
-0.62603759765625
-0.6964111328125
-0.724365234375
-0.71575927734375
-0.6748046875
-0.59844970703125
-0.48980712890625
-0.3629150390625
-0.21270751953125
-0.05401611328125
0.10894775390625
0.26116943359375
0.40423583984375
0.5230712890625
0.61358642578125
0.67303466796875
0.69512939453125
0.69000244140625
0.638427734375
0.557861328125
0.44921875
0.3231201171875
0.17535400390625
0.02825927734375
-0.12890625
-0.2752685546875
-0.40838623046875
-0.5172119140625
-0.6019287109375
-0.654052734375
-0.6685791015625
-0.65252685546875
-0.60260009765625
-0.52630615234375
-0.41845703125
-0.2940673828125
-0.14874267578125
-0.00494384765625
0.1455078125
0.28277587890625
0.4058837890625
0.5089111328125
0.5843505859375
0.6273193359375
0.6419677734375
0.62261962890625
0.5703125
0.48980712890625
0.38201904296875
0.26171875
0.12548828125
-0.0166015625
-0.16217041015625
-0.2894287109375
-0.40667724609375
-0.4989013671875
-0.56854248046875
-0.6131591796875
-0.61456298828125
-0.58941650390625
-0.53533935546875
-0.45660400390625
-0.353759765625
-0.23431396484375
-0.0997314453125
0.034912109375
0.1688232421875
0.290283203125
0.40252685546875
0.49053955078125
0.5484619140625
0.583984375
0.58538818359375
0.56121826171875
0.5047607421875
0.425048828125
0.3214111328125
0.20684814453125
0.07977294921875
-0.0482177734375
-0.17877197265625
-0.2935791015625
-0.39508056640625
-0.473876953125
-0.528564453125
-0.557373046875
-0.55303955078125
-0.52703857421875
-0.4705810546875
-0.391845703125
-0.29315185546875
-0.1827392578125
-0.05816650390625
0.06732177734375
0.186279296875
0.29193115234375
0.3883056640625
0.45892333984375
0.50860595703125
0.52984619140625
0.52392578125
0.49725341796875
0.43585205078125
0.3612060546875
0.26495361328125
0.15704345703125
0.0382080078125
-0.07733154296875
-0.1904296875
-0.2935791015625
-0.37835693359375
-0.4439697265625
-0.48614501953125
-0.505859375
-0.4964599609375
-0.46063232421875
-0.40252685546875
-0.32879638671875
-0.23504638671875
-0.13214111328125
-0.02325439453125
0.0889892578125
0.19293212890625
0.28607177734375
0.36090087890625
0.42474365234375
0.463623046875
0.4683837890625
0.46075439453125
0.42340087890625
0.36859130859375
0.29144287109375
0.204345703125
0.1038818359375
0.00079345703125
-0.102294921875
-0.19793701171875
-0.284423828125
-0.354248046875
-0.408935546875
-0.43621826171875
-0.44927978515625
-0.433349609375
-0.3958740234375
-0.337890625
-0.26983642578125
-0.18109130859375
-0.082275390625
0.0115966796875
0.1064453125
0.19793701171875
0.276123046875
0.34173583984375
0.386474609375
0.412841796875
0.414306640625
0.39599609375
0.36029052734375
0.3038330078125
0.23004150390625
0.1495361328125
0.06317138671875
-0.03076171875
-0.12554931640625
-0.20458984375
-0.27362060546875
-0.32928466796875
-0.37322998046875
-0.38885498046875
-0.39111328125
-0.37017822265625
-0.330322265625
-0.27557373046875
-0.20928955078125
-0.1312255859375
-0.04400634765625
0.0390625
0.1197509765625
0.1962890625
0.26531982421875
0.31341552734375
0.341552734375
0.361328125
0.35870361328125
0.33868408203125
0.30548095703125
0.24658203125
0.1810302734375
0.1080322265625
0.03240966796875
-0.0523681640625
-0.12554931640625
-0.19378662109375
-0.25531005859375
-0.29681396484375
-0.3282470703125
-0.33721923828125
-0.32965087890625
-0.3095703125
-0.27386474609375
-0.219970703125
-0.1644287109375
-0.09307861328125
-0.020751953125
0.05401611328125
0.12060546875
0.18463134765625
0.2344970703125
0.27178955078125
0.30078125
0.303955078125
0.298828125
0.27728271484375
0.2415771484375
0.19427490234375
0.13623046875
0.072265625
0.0074462890625
-0.057373046875
-0.118896484375
-0.17462158203125
-0.22198486328125
-0.25604248046875
-0.27008056640625
-0.279052734375
-0.27227783203125
-0.24981689453125
-0.21502685546875
-0.17022705078125
-0.117919921875
-0.0631103515625
-0.00079345703125
0.05816650390625
0.110595703125
0.1605224609375
0.19952392578125
0.22772216796875
0.2442626953125
0.248291015625
0.23907470703125
0.211669921875
0.18841552734375
0.14447021484375
0.09716796875
0.04486083984375
-0.00830078125
-0.05987548828125
-0.1064453125
-0.14971923828125
-0.18377685546875
-0.20611572265625
-0.218505859375
-0.21673583984375
-0.20831298828125
-0.18841552734375
-0.15771484375
-0.11956787109375
-0.07476806640625
-0.03240966796875
0.0157470703125
0.05987548828125
0.10308837890625
0.13470458984375
0.1671142578125
0.1802978515625
0.19189453125
0.19097900390625
0.18096923828125
0.15771484375
0.13031005859375
0.099609375
0.0631103515625
0.01910400390625
-0.01995849609375
-0.05487060546875
-0.096435546875
-0.124755859375
-0.14544677734375
-0.15704345703125
-0.16693115234375
-0.16357421875
-0.15350341796875
-0.13525390625
-0.1070556640625
-0.078857421875
-0.04486083984375
-0.00994873046875
0.0216064453125
0.051513671875
0.07818603515625
0.10638427734375
0.12384033203125
0.1329345703125
0.13372802734375
0.1295166015625
0.12451171875
0.10455322265625
0.08465576171875
0.05975341796875
0.03485107421875
0.00579833984375
-0.020751953125
-0.0440673828125
-0.06817626953125
-0.08062744140625
-0.09722900390625
-0.1021728515625
-0.1021728515625
-0.10040283203125
-0.089599609375
-0.07464599609375
-0.062255859375
-0.0406494140625
-0.020751953125
0.0032958984375
0.01910400390625
0.03741455078125
0.049072265625
0.06732177734375
0.07147216796875
0.0772705078125
0.08135986328125
0.07305908203125
0.064697265625
0.05224609375
0.037353515625
0.0257568359375
0.01080322265625
-0.00494384765625
-0.01910400390625
-0.029052734375
-0.03570556640625
-0.04486083984375
-0.04736328125
-0.0556640625
-0.04815673828125
-0.04730224609375
-0.04144287109375
-0.0323486328125
-0.02569580078125
-0.012451171875
-0.004150390625
0.00579833984375
0.0133056640625
0.026611328125
0.03741455078125
0.034912109375
0.0423583984375
0.045654296875
0.04150390625
0.0406494140625
0.0240478515625
0.02655029296875
0.014892578125
0.01409912109375
0.01080322265625
-0.00079345703125
-0.00994873046875
-0.020751953125
-0.01910400390625
-0.033203125
-0.03656005859375
