0.88177490234375
0.86053466796875
0.79620361328125
0.69537353515625
0.54327392578125
0.3919677734375
0.1956787109375
0.0050048828125
-0.20806884765625
-0.39447021484375
-0.55560302734375
-0.68988037109375
-0.78350830078125
-0.853271484375
-0.8551025390625
-0.82452392578125
-0.75653076171875
-0.64776611328125
-0.5050048828125
-0.33782958984375
-0.14947509765625
0.03680419921875
0.22540283203125
0.3980712890625
0.55633544921875
0.67822265625
0.76458740234375
0.8148193359375
0.81744384765625
0.78265380859375
0.7083740234375
0.5958251953125
0.45098876953125
0.2923583984375
0.11553955078125
-0.06427001953125
-0.2398681640625
-0.40533447265625
-0.5426025390625
-0.65362548828125
-0.7286376953125
-0.76287841796875
-0.7625732421875
-0.723388671875
-0.64404296875
-0.53594970703125
-0.40191650390625
-0.24615478515625
-0.08013916015625
0.08807373046875
0.25067138671875
0.3988037109375
0.52734375
0.62835693359375
0.69384765625
0.72015380859375
0.7142333984375
0.66937255859375
0.59295654296875
0.48553466796875
0.35870361328125
0.2086181640625
0.05413818359375
-0.10260009765625
-0.2550048828125
-0.392333984375
-0.50567626953125
-0.590087890625
-0.6497802734375
-0.6748046875
-0.65716552734375
-0.61444091796875
-0.5394287109375
-0.434326171875
-0.310302734375
-0.17254638671875
-0.02667236328125
0.1220703125
0.2564697265625
0.37860107421875
0.4840087890625
0.55963134765625
0.60638427734375
0.62054443359375
0.603759765625
0.55828857421875
0.4854736328125
0.38604736328125
0.2713623046875
0.13934326171875
0.0050048828125
-0.12640380859375
-0.2557373046875
-0.36846923828125
-0.4580078125
-0.5228271484375
-0.56451416015625
-0.5765380859375
-0.55902099609375
-0.5098876953125
-0.4364013671875
-0.34698486328125
-0.23529052734375
-0.11474609375
0.01007080078125
0.1329345703125
0.246337890625
0.34967041015625
0.4283447265625
0.48956298828125
0.5181884765625
0.5223388671875
0.50494384765625
0.45806884765625
0.3873291015625
0.2987060546875
0.197021484375
0.0909423828125
-0.02886962890625
-0.139404296875
-0.24200439453125
-0.3294677734375
-0.40081787109375
-0.4512939453125
-0.4735107421875
-0.4739990234375
-0.45001220703125
-0.40240478515625
-0.33758544921875
-0.25616455078125
-0.16094970703125
-0.0599365234375
0.0418701171875
0.139404296875
0.23260498046875
0.3106689453125
0.36834716796875
0.404296875
0.42510986328125
0.4241943359375
0.396728515625
0.35198974609375
0.29071044921875
0.21429443359375
0.13134765625
0.0396728515625
-0.052001953125
-0.14013671875
-0.21600341796875
-0.28173828125
-0.3350830078125
-0.36822509765625
-0.379638671875
-0.37298583984375
-0.34832763671875
-0.30718994140625
-0.25030517578125
-0.1839599609375
-0.1068115234375
-0.02667236328125
0.052001953125
0.12860107421875
0.19647216796875
0.2513427734375
0.293212890625
0.31829833984375
0.32757568359375
0.3203125
0.29791259765625
0.2596435546875
0.20849609375
0.148681640625
0.08013916015625
0.013671875
-0.05560302734375
-0.1220703125
-0.177734375
-0.226806640625
-0.25927734375
-0.28082275390625
-0.2835693359375
-0.2755126953125
-0.25311279296875
-0.21636962890625
-0.174560546875
-0.11688232421875
-0.06280517578125
-0.00360107421875
0.05560302734375
0.10906982421875
0.15386962890625
0.19140625
0.21734619140625
0.230224609375
0.23236083984375
0.22430419921875
0.20050048828125
0.17236328125
0.13275146484375
0.08660888671875
0.04400634765625
-0.00286865234375
-0.04766845703125
-0.09246826171875
-0.1307373046875
-0.1552734375
-0.17474365234375
-0.18548583984375
-0.18255615234375
-0.17095947265625
-0.15289306640625
-0.12835693359375
-0.09954833984375
-0.062744140625
-0.02593994140625
0.01300048828125
0.0426025390625
0.07513427734375
0.10113525390625
0.12347412109375
0.133544921875
0.1363525390625
0.1341552734375
0.12835693359375
0.10748291015625
0.0858154296875
0.0634765625
0.0396728515625
0.01226806640625
-0.014404296875
-0.035400390625
-0.0592041015625
-0.07440185546875
-0.08734130859375
-0.0924072265625
-0.0966796875
-0.08868408203125
-0.08221435546875
-0.0706787109375
-0.05841064453125
-0.0382080078125
-0.0208740234375
-0.01007080078125
0.
0.0166015625
0.0245361328125
0.02813720703125
0.032470703125
0.03533935546875
0.029541015625
0.02813720703125
0.02520751953125
0.01947021484375
0.01513671875
0.01226806640625
0.0079345703125
-13107.20001220703125
-13107.20001220703125
0.000152587890625
-13107.20001220703125
-13107.20001220703125
0.0006103515625
-13107.20001220703125
-13107.20001220703125
0.
0.
-13107.20001220703125
-13107.20001220703125
0.0078125
-13107.20001220703125
-13107.20001220703125
0.000152587890625
-13107.20001220703125
-13107.20001220703125
285.374755859375
-13107.20001220703125
-13107.20001220703125
0.000152587890625
-13107.20001220703125
-13107.20001220703125
-0.0020599365234375
-13107.20001220703125
-13107.20001220703125
0.00390625
-13107.20001220703125
-13107.20001220703125
13102.1881866455078125
14132.2039947509765625
13361.196044921875
14131.2039794921875
-257.9991912841796875
-257.003936767578125
-257.003936767578125
-257.003936767578125
-257.003936767578125
-257.003936767578125
-257.003936767578125
-257.003936767578125
-257.003936767578125
-257.003936767578125
-257.003936767578125
-257.003936767578125
-257.003936767578125
-257.003936767578125
-257.003936767578125
-257.003936767578125
-257.003936767578125
-257.003936767578125
-257.003936767578125
-257.003936767578125
-257.003936767578125
-257.003936767578125
-257.003936767578125
-257.003936767578125
-257.003936767578125
-257.003936767578125
-257.003936767578125
-257.003936767578125
-13107.20001220703125
-13107.20001220703125
0.0001068115234375
0.0001373291015625
0.000152587890625
0.0001373291015625
0.0001220703125
0.0000762939453125
0.0000457763671875
0.0000152587890625
0.
0.
0.
0.0000152587890625
0.0000457763671875
0.0000762939453125
0.0001068115234375
0.0001373291015625
0.000152587890625
0.0001373291015625
0.0001220703125
0.0000762939453125
0.0000457763671875
0.0000152587890625
0.
0.
0.
0.000030517578125
0.00006103515625
0.000091552734375
0.0001220703125
0.0001373291015625
0.0001373291015625
0.0001373291015625
0.0001068115234375
0.0000762939453125
0.000030517578125
0.0000152587890625
0.
0.
0.
0.000030517578125
0.0000457763671875
0.000091552734375
0.0001220703125
0.000152587890625
0.000152587890625
0.0001373291015625
0.0001068115234375
0.0000762939453125
0.000030517578125
0.0000152587890625
0.
0.
0.0000152587890625
0.000030517578125
0.00006103515625
0.0001068115234375
0.0001220703125
0.0001373291015625
0.0001373291015625
0.0001220703125
0.000091552734375
0.00006103515625
0.000030517578125
0.
0.
0.
0.0000152587890625
0.000030517578125
0.00006103515625
0.000091552734375
0.0001373291015625
0.000152587890625
0.000152587890625
0.0001220703125
0.000091552734375
0.00006103515625
0.000030517578125
0.
0.
0.
0.0000152587890625
0.0000457763671875
0.0000762939453125
0.0001068115234375
0.0001373291015625
0.0001373291015625
0.0001373291015625
0.0001068115234375
0.000091552734375
0.0000457763671875
0.0000152587890625
0.
0.
0.
0.0000152587890625
0.0000457763671875
0.0000762939453125
0.0001068115234375
0.0001373291015625
0.000152587890625
0.0001373291015625
0.0001220703125
0.000091552734375
0.00006103515625
0.0000152587890625
0.
0.
0.
0.0000152587890625
0.0000457763671875
0.000091552734375
0.0001220703125
0.0001373291015625
0.0001373291015625
0.0001373291015625
0.0001068115234375
0.0000762939453125
0.0000457763671875
0.0000152587890625
0.
0.
0.
0.000030517578125
0.0000457763671875
0.0000762939453125
0.0001220703125
0.000152587890625
0.000152587890625
0.0001373291015625
0.0001068115234375
0.0000762939453125
0.0000457763671875
0.0000152587890625
0.
0.
0.
0.000030517578125
0.00006103515625
0.000091552734375
0.0001220703125
0.0001373291015625
0.0001373291015625
0.0001220703125
0.0001068115234375
0.00006103515625
0.000030517578125
0.
0.
0.
0.
0.000030517578125
0.00006103515625
0.000091552734375
0.0001220703125
0.000152587890625
0.000152587890625
0.0001373291015625
0.0001068115234375
0.00006103515625
0.000030517578125
0.
0.
0.
0.0000152587890625
0.000030517578125
0.0000762939453125
0.0001068115234375
0.0001220703125
0.0001373291015625
0.0001373291015625
0.0001220703125
0.000091552734375
0.00006103515625
0.0000152587890625
0.
0.
0.
0.0000152587890625
0.000030517578125
0.00006103515625
0.0001068115234375
0.0001373291015625
0.000152587890625
0.0001373291015625
0.0001220703125
0.000091552734375
0.00006103515625
0.000030517578125
0.
0.
0.
0.0000152587890625
