0.99169921875
0.97265625
0.896484375
0.77783203125
0.611572265625
0.424560546875
0.21240234375
-0.00634765625
-0.232666015625
-0.438720703125
-0.617919921875
-0.766357421875
-0.87353515625
-0.937255859375
-0.94873046875
-0.917236328125
-0.836669921875
-0.713623046875
-0.55419921875
-0.366455078125
-0.16357421875
0.04833984375
0.25341796875
0.444091796875
0.6123046875
0.746337890625
0.841064453125
0.892822265625
0.901611328125
0.8623046875
0.776123046875
0.65478515625
0.49609375
0.3173828125
0.125
-0.0732421875
-0.26513671875
-0.44140625
-0.594482421875
-0.71630859375
-0.800048828125
-0.842041015625
-0.842529296875
-0.79736328125
-0.714111328125
-0.593505859375
-0.442626953125
-0.271728515625
-0.090087890625
0.093505859375
0.272705078125
0.4375
0.57666015625
0.685791015625
0.758056640625
0.790771484375
0.786376953125
0.73828125
0.653076171875
0.534912109375
0.391357421875
0.229736328125
0.058349609375
-0.114990234375
-0.27978515625
-0.4306640625
-0.55615234375
-0.65234375
-0.715087890625
-0.7392578125
-0.728759765625
-0.6787109375
-0.595458984375
-0.481689453125
-0.3447265625
-0.19189453125
-0.031005859375
0.12890625
0.281005859375
0.417236328125
0.530029296875
0.61572265625
0.668701171875
0.68505859375
0.669921875
0.617919921875
0.536865234375
0.4267578125
0.297119140625
0.15478515625
0.00634765625
-0.141357421875
-0.278564453125
-0.401611328125
-0.50341796875
-0.577880859375
-0.621826171875
-0.63330078125
-0.614013671875
-0.562255859375
-0.482666015625
-0.37890625
-0.2568359375
-0.123291015625
0.0126953125
0.14794921875
0.2724609375
0.382568359375
0.4716796875
0.535888671875
0.57080078125
0.578369140625
0.554931640625
0.5029296875
0.42626953125
0.32861328125
0.216064453125
0.09375
-0.029541015625
-0.15087890625
-0.26318359375
-0.36083984375
-0.438232421875
-0.49267578125
-0.52099609375
-0.524658203125
-0.498291015625
-0.448974609375
-0.375
-0.283935546875
-0.180908203125
-0.0703125
0.042236328125
0.15087890625
0.25
0.3349609375
0.402099609375
0.44580078125
0.46826171875
0.467529296875
0.4404296875
0.392578125
0.32470703125
0.24169921875
0.14697265625
0.046630859375
-0.053466796875
-0.150146484375
-0.236572265625
-0.309814453125
-0.36669921875
-0.4033203125
-0.4189453125
-0.41455078125
-0.387451171875
-0.34130859375
-0.277099609375
-0.20166015625
-0.11767578125
-0.029541015625
0.059326171875
0.142822265625
0.21728515625
0.27880859375
0.324462890625
0.353515625
0.363525390625
0.35595703125
0.329345703125
0.285400390625
0.229248046875
0.162109375
0.0888671875
0.011474609375
-0.064208984375
-0.134765625
-0.195556640625
-0.246337890625
-0.283447265625
-0.304931640625
-0.31103515625
-0.30126953125
-0.275146484375
-0.237060546875
-0.187255859375
-0.12939453125
-0.067138671875
-0.00244140625
0.0595703125
0.1181640625
0.16796875
0.208740234375
0.238037109375
0.254150390625
0.256103515625
0.244873046875
0.223388671875
0.189208984375
0.145263671875
0.0966796875
0.044921875
-0.008544921875
-0.05810546875
-0.10498046875
-0.1435546875
-0.173828125
-0.193603515625
-0.202880859375
-0.202392578125
-0.192626953125
-0.171630859375
-0.14404296875
-0.109619140625
-0.0712890625
-0.029541015625
0.0107421875
0.048583984375
0.0810546875
0.1083984375
0.129638671875
0.143798828125
0.14892578125
0.147705078125
0.137939453125
0.12109375
0.099609375
0.072509765625
0.044189453125
0.0146484375
-0.013671875
-0.037841796875
-0.06201171875
-0.0771484375
-0.089111328125
-0.097412109375
-0.09912109375
-0.09521484375
-0.087158203125
-0.075439453125
-0.060546875
-0.041748046875
-0.023681640625
-0.005126953125
0.01025390625
0.023681640625
0.033447265625
0.04150390625
0.04443359375
0.045166015625
0.043701171875
0.037353515625
0.032470703125
0.0244140625
0.017822265625
0.011474609375
0.008544921875
-0.800048828125
-0.800048828125
-0.800048828125
-0.800048828125
0.0006103515625
0.
-0.800048828125
-0.800048828125
-0.800048828125
-0.800048828125
0.00244140625
0.
-0.800048828125
-0.800048828125
-0.800048828125
-0.800048828125
0.
0.
-0.800048828125
-0.800048828125
-0.800048828125
-0.800048828125
0.03125
0.
-0.800048828125
-0.800048828125
-0.800048828125
-0.800048828125
0.0006103515625
0.
-0.800048828125
-0.800048828125
-0.800048828125
-0.800048828125
-1.353515625
0.00543212890625
-0.800048828125
-0.800048828125
-0.800048828125
-0.800048828125
0.0006103515625
0.
-0.800048828125
-0.800048828125
-0.800048828125
-0.800048828125
-0.00823974609375
-0.00006103515625
-0.800048828125
-0.800048828125
-0.800048828125
-0.800048828125
0.015625
0.
-0.800048828125
-0.800048828125
-0.800048828125
-0.800048828125
0.75274658203125
0.8153076171875
0.87811279296875
0.78460693359375
0.8623046875
0.7998046875
0.78424072265625
0.00323486328125
-0.0157470703125
-0.0157470703125
-0.0157470703125
-0.0157470703125
-0.0157470703125
-0.0157470703125
-0.0157470703125
-0.0157470703125
-0.0157470703125
-0.0157470703125
-0.0157470703125
-0.0157470703125
-0.0157470703125
-0.0157470703125
-0.0157470703125
-0.0157470703125
-0.0157470703125
-0.0157470703125
-0.0157470703125
-0.0157470703125
-0.0157470703125
-0.0157470703125
-0.0157470703125
-0.0157470703125
-0.0157470703125
-0.0157470703125
-0.0157470703125
-0.0157470703125
-0.0157470703125
-0.0157470703125
-0.0157470703125
-0.0157470703125
-0.0157470703125
-0.0157470703125
-0.0157470703125
-0.0157470703125
-0.0157470703125
-0.0157470703125
-0.0157470703125
-0.0157470703125
-0.0157470703125
-0.0157470703125
-0.0157470703125
-0.0157470703125
-0.0157470703125
-0.0157470703125
-0.0157470703125
-0.0157470703125
-0.0157470703125
-0.0157470703125
-0.0157470703125
-0.0157470703125
-0.0157470703125
-0.0157470703125
-0.0157470703125
-0.0157470703125
-0.800048828125
-0.800048828125
-0.800048828125
-0.800048828125
0.00189208984375
-0.0015869140625
-0.00146484375
-0.0015869140625
-0.001953125
0.00140380859375
0.0008544921875
0.0003662109375
0.00006103515625
0.
0.00006103515625
0.0003662109375
0.00079345703125
0.00128173828125
0.0018310546875
-0.00152587890625
-0.00140380859375
-0.0015869140625
-0.001953125
0.00140380859375
0.0008544921875
0.0003662109375
0.00006103515625
0.
0.0001220703125
0.00048828125
0.00103759765625
0.00152587890625
-0.00189208984375
-0.0015869140625
-0.00152587890625
-0.001708984375
0.00177001953125
0.001220703125
0.00067138671875
0.000244140625
0.
0.
0.00018310546875
0.00048828125
0.00091552734375
0.00146484375
-0.00189208984375
-0.00146484375
-0.00146484375
-0.00164794921875
0.00177001953125
0.001220703125
0.00067138671875
0.000244140625
0.
0.
0.000244140625
0.0006103515625
0.00115966796875
0.001708984375
-0.00177001953125
-0.00152587890625
-0.00152587890625
-0.0018310546875
0.0015869140625
0.00103759765625
0.00054931640625
0.0001220703125
0.
0.
0.000244140625
0.0006103515625
0.0010986328125
0.00164794921875
-0.001708984375
-0.00140380859375
-0.00146484375
-0.00177001953125
0.00164794921875
0.0010986328125
0.00054931640625
0.00018310546875
0.
0.00006103515625
0.00030517578125
0.00079345703125
0.00128173828125
0.0018310546875
-0.001708984375
-0.00152587890625
-0.00164794921875
0.00189208984375
0.00146484375
0.00091552734375
0.0003662109375
0.00006103515625
0.
0.00006103515625
0.0003662109375
0.000732421875
0.001220703125
0.00177001953125
-0.00152587890625
-0.00140380859375
-0.00152587890625
-0.00189208984375
0.00152587890625
0.0009765625
0.00042724609375
0.00006103515625
0.
0.0001220703125
0.00042724609375
0.00091552734375
0.00146484375
-0.001953125
-0.00164794921875
-0.00152587890625
-0.001708984375
0.00177001953125
0.00128173828125
0.000732421875
0.000244140625
0.
0.
0.0001220703125
0.00048828125
0.00091552734375
0.00140380859375
-0.00189208984375
-0.00140380859375
-0.00140380859375
-0.0015869140625
0.00189208984375
