0.99169921875
0.968505859375
0.89404296875
0.774169921875
0.61083984375
0.422607421875
0.208740234375
-0.01171875
-0.239501953125
-0.45068359375
-0.6328125
-0.78564453125
-0.896240234375
-0.965576171875
-0.9765625
-0.946044921875
-0.86328125
-0.736083984375
-0.573486328125
-0.37841796875
-0.16796875
0.05126953125
0.265869140625
0.46728515625
0.6455078125
0.786865234375
0.88720703125
0.9443359375
0.954345703125
0.91357421875
0.8251953125
0.69677734375
0.529541015625
0.3408203125
0.134033203125
-0.078857421875
-0.286865234375
-0.47900390625
-0.645751953125
-0.779296875
-0.871826171875
-0.919921875
-0.921875
-0.8759765625
-0.783935546875
-0.6533203125
-0.48828125
-0.30078125
-0.0986328125
0.108154296875
0.30712890625
0.4912109375
0.648681640625
0.77294921875
0.85595703125
0.8955078125
0.892578125
0.840087890625
0.744873046875
0.614501953125
0.44921875
0.2646484375
0.067626953125
-0.132080078125
-0.32568359375
-0.5009765625
-0.64892578125
-0.7646484375
-0.838623046875
-0.871337890625
-0.859619140625
-0.803466796875
-0.706298828125
-0.573486328125
-0.411376953125
-0.230712890625
-0.03857421875
0.155517578125
0.34033203125
0.50634765625
0.64599609375
0.752197265625
0.818359375
0.8427734375
0.826904296875
0.767822265625
0.667236328125
0.53271484375
0.374267578125
0.19677734375
0.00927734375
-0.177734375
-0.353759765625
-0.511474609375
-0.642822265625
-0.739990234375
-0.798828125
-0.817138671875
-0.79541015625
-0.730224609375
-0.62890625
-0.49658203125
-0.338134765625
-0.1640625
0.017578125
0.19775390625
0.36572265625
0.516357421875
0.636962890625
0.72607421875
0.77734375
0.791015625
0.76171875
0.693603515625
0.5908203125
0.45703125
0.302978515625
0.132568359375
-0.0419921875
-0.215087890625
-0.3759765625
-0.516845703125
-0.63037109375
-0.71142578125
-0.754638671875
-0.762451171875
-0.728271484375
-0.6572265625
-0.553955078125
-0.42138671875
-0.26904296875
-0.103759765625
0.0654296875
0.229736328125
0.383056640625
0.516357421875
0.621337890625
0.694091796875
0.73095703125
0.732177734375
0.69482421875
0.6220703125
0.516357421875
0.384765625
0.23681640625
0.074951171875
-0.086669921875
-0.246337890625
-0.390625
-0.513916015625
-0.610595703125
-0.677001953125
-0.70556640625
-0.701171875
-0.660400390625
-0.58447265625
-0.480224609375
-0.351318359375
-0.204833984375
-0.0498046875
0.106201171875
0.2568359375
0.3935546875
0.510009765625
0.59814453125
0.65625
0.679443359375
0.671142578125
0.625
0.549560546875
0.446044921875
0.31787109375
0.17724609375
0.02734375
-0.123291015625
-0.267333984375
-0.395751953125
-0.503662109375
-0.58447265625
-0.636474609375
-0.654052734375
-0.641845703125
-0.5927734375
-0.51513671875
-0.411865234375
-0.288330078125
-0.150390625
-0.004638671875
0.137939453125
0.273193359375
0.394775390625
0.49560546875
0.569580078125
0.614501953125
0.62646484375
0.60986328125
0.558349609375
0.481201171875
0.376953125
0.255615234375
0.12353515625
-0.01513671875
-0.151611328125
-0.28125
-0.393310546875
-0.485107421875
-0.55224609375
-0.5908203125
-0.597412109375
-0.57666015625
-0.524658203125
-0.4453125
-0.34375
-0.22607421875
-0.09814453125
0.03515625
0.1640625
0.28515625
0.390869140625
0.475830078125
0.53466796875
0.566162109375
0.57080078125
0.545166015625
0.490478515625
0.4111328125
0.3125
0.19775390625
0.07470703125
-0.0517578125
-0.1748046875
-0.28759765625
-0.384765625
-0.46240234375
-0.514892578125
-0.541748046875
-0.541259765625
-0.511962890625
-0.457763671875
-0.380126953125
-0.2822265625
-0.17138671875
-0.054931640625
0.065673828125
0.181396484375
0.287353515625
0.377685546875
0.44775390625
0.49462890625
0.515380859375
0.512451171875
0.4814453125
0.425537109375
0.349609375
0.25439453125
0.14892578125
0.0361328125
-0.077880859375
-0.18701171875
-0.285888671875
-0.368896484375
-0.43310546875
-0.4736328125
-0.489990234375
-0.482421875
-0.448974609375
-0.393798828125
-0.318603515625
-0.2265625
-0.12548828125
-0.01708984375
0.0888671875
0.19140625
0.281982421875
0.358154296875
0.416015625
0.449951171875
0.462158203125
0.451416015625
0.416748046875
0.360595703125
0.287109375
0.1982421875
0.101806640625
0.000244140625
-0.10009765625
-0.19482421875
-0.2783203125
-0.3466796875
-0.397705078125
-0.427978515625
-0.435791015625
-0.421630859375
-0.386474609375
-0.330810546875
-0.25927734375
-0.175048828125
-0.08251953125
0.01123046875
0.106689453125
0.193603515625
0.2705078125
0.332275390625
0.376220703125
0.402099609375
0.407958984375
0.39111328125
0.353759765625
0.301025390625
0.230712890625
0.151123046875
0.064453125
-0.0244140625
-0.113037109375
-0.192138671875
-0.26318359375
-0.317138671875
-0.357666015625
-0.376953125
-0.37890625
-0.360595703125
-0.323974609375
-0.27197265625
-0.2041015625
-0.1298828125
-0.047119140625
0.0341796875
0.114501953125
0.18798828125
0.252685546875
0.301513671875
0.33447265625
0.3505859375
0.350341796875
0.330078125
0.293701171875
0.242919921875
0.177978515625
0.1083984375
0.031005859375
-0.0439453125
-0.1181640625
-0.184814453125
-0.241943359375
-0.285888671875
-0.314208984375
-0.326416015625
-0.322265625
-0.301513671875
-0.265625
-0.216552734375
-0.156494140625
-0.090087890625
-0.018798828125
0.05078125
0.1181640625
0.17724609375
0.228759765625
0.265869140625
0.291015625
0.298583984375
0.291748046875
0.270751953125
0.235595703125
0.189208984375
0.133544921875
0.072021484375
0.0078125
-0.055419921875
-0.11572265625
-0.16943359375
-0.2138671875
-0.2451171875
-0.2646484375
-0.270751953125
-0.263671875
-0.242431640625
-0.20849609375
-0.165283203125
-0.11376953125
-0.05859375
-0.000732421875
0.057861328125
0.111328125
0.158203125
0.1962890625
0.224609375
0.24072265625
0.24267578125
0.234130859375
0.21337890625
0.180908203125
0.141357421875
0.093505859375
0.044189453125
-0.008544921875
-0.0595703125
-0.10693359375
-0.1484375
-0.1796875
-0.202880859375
-0.214111328125
-0.215576171875
-0.205810546875
-0.185546875
-0.155517578125
-0.119384765625
-0.076904296875
-0.03125
0.013916015625
0.057861328125
0.0986328125
0.13330078125
0.160888671875
0.1796875
0.1875
0.1875
0.1767578125
0.158935546875
0.131103515625
0.098388671875
0.061279296875
0.022216796875
-0.017822265625
-0.055419921875
-0.089599609375
-0.119140625
-0.14013671875
-0.15576171875
-0.160888671875
-0.15966796875
-0.149658203125
-0.1318359375
-0.107177734375
-0.07861328125
-0.045654296875
-0.01318359375
0.02001953125
0.052001953125
0.080078125
0.10302734375
0.1201171875
0.130859375
0.135009765625
0.131103515625
0.12109375
0.105712890625
0.08447265625
0.059326171875
0.0322265625
0.004150390625
-0.0234375
-0.047119140625
-0.069580078125
-0.0869140625
-0.098876953125
-0.104736328125
-0.107177734375
-0.103515625
-0.095703125
-0.0810546875
-0.06396484375
-0.043212890625
-0.02294921875
-0.000732421875
0.020751953125
0.038818359375
0.05517578125
0.0673828125
0.075439453125
0.078857421875
0.078125
0.07470703125
0.06787109375
0.056884765625
0.0439453125
0.02880859375
0.013916015625
-0.001953125
-0.01513671875
-0.0283203125
-0.036865234375
-0.044677734375
-0.048583984375
-0.049560546875
-0.049072265625
-0.045166015625
-0.0390625
-0.031494140625
-0.0224609375
-0.0126953125
-0.00341796875
0.00439453125
0.01171875
0.018798828125
0.024169921875
0.025146484375
0.025390625
0.02587890625
0.02392578125
0.022705078125
0.015625
0.01416015625
0.008056640625
0.005126953125
0.0048828125
-0.00048828125
-0.005615234375
-0.007568359375
-0.007568359375
-0.01416015625
-0.015625
